40860
159952
198528
300332
24536
431844
119864
66876
615748
26012
50904
20084
14712
43268
15576
11664
648076
646024
10896
625420
2672
634360
306968
5716
560996
626516
377252
491336
11040
639776
607448
3708
626100
295080
3504
648
230260
618892
603208
605324
390244
626152
369880
622724
628392
506116
26116
197292
624284
52328
626308
264220
622608
2032
14580
222304
171552
592560
621580
630788
601076
618688
43280
416684
5788
634064
4668
604000
58908
257796
273136
617356
593364
152948
591408
591064
109396
621476
612904
413312
633564
636256
633536
157188
250244
106216
616560
594992
229468
414596
423748
626852
59004
624136
216928
633328
4336
278596
622040
455960
135760
193772
629300
260060
455268
637520
546896
618756
153492
210204
244080
372584
55080
56732
602840
375456
615696
522808
240504
623404
86640
442008
143668
281496
605836
590632
273420
418536
130328
606704
294180
623768
637832
637020
53308
70012
272124
374444
260568
320140
266088
584204
611820
602308
618776
137424
250552
267552
147780
135104
628312
180236
609896
545492
373992
625808
613324
65944
477244
92704
304268
192356
622420
79132
177680
540596
266164
14676
430848
631064
56864
605480
516392
610312
508840
70228
614800
448864
611204
603064
611688
41012
12748
4408
299940
255952
63656
606456
177164
304168
92632
617480
112640
373696
618064
619380
227956
53808
608148
624724
616364
127088
22504
496148
358316
607020
78228
209084
590228
609912
319828
574068
165924
523012
622120
15364
345436
221760
511840
607136
549548
610592
204160
119900
618232
260316
595068
317932
609808
318668
596360
37840
397932
278484
503564
3708
602340
616800
617448
251744
619936
624868
586204
614140
607548
106120
515428
608584
627788
143132
177608
472752
524420
608148
230732
10120
611908
618584
23172
620404
628236
298172
109312
4348
56252
40948
341760
595140
83836
51928
605572
299128
604312
596144
491524
606100
617884
623456
5012
554736
9536
501452
208900
3308
630412
585016
590396
109676
340820
247652
597012
616920
423556
606392
626848
35092
247548
532036
621704
461192
307608
612324
209572
150640
625244
479264
147392
622532
5068
435620
7356
308760
557448
27584
235296
109276
676
49604
335216
624488
523736
165644
301588
598024
617868
152924
368756
505304
147000
214044
622048
388848
594820
217328
481640
528060
453476
375652
28208
326292
188184
611868
54664
317024
528144
146180
238296
69592
626592
609160
612516
90800
612580
234476
449988
524808
128480
596400
626356
57240
17096
29264
421484
307104
92848
602312
628364
72128
405532
626684
75400
624524
254076
502292
546256
186692
371544
417992
173160
383288
274348
600380
614124
244260
476144
15000
280508
183400
608260
141464
42048
598936
637252
461728
133708
601532
602976
449068
369888
449564
614596
55600
617288
626196
305744
595892
163252
602676
268224
530532
634240
208720
487828
92076
80984
292548
616244
596524
95300
622944
624824
624944
612324
45780
106608
612072
593852
224184
245592
593228
248452
208368
320736
299096
508508
616708
46192
369560
538844
615272
57968
620396
6604
441700
618072
607596
85432
635068
374552
513612
155584
286680
323300
114856
73040
298340
611324
292180
372412
547276
199472
156604
603568
547984
282776
263484
172672
628852
622832
358072
130372
160724
116156
607116
254716
279804
321396
311624
165152
218856
616012
301180
602700
8448
227512
619356
258724
329608
612236
603836
598192
81556
314256
296576
85492
594444
436676
364740
320840
561400
603252
610600
80568
294660
624760
205656
262120
51536
99552
326352
145944
82048
6752
60668
610832
615192
134972
620664
258788
608300
610564
578456
621616
606004
611312
109096
615544
140944
614100
608928
264376
147548
185780
616080
82012
231676
389140
263636
49760
234724
600200
613856
286896
273520
159428
516232
609736
431292
66028
614604
610660
503708
375076
656
302116
134056
264484
318724
614364
415648
507620
628244
628064
264052
589520
115080
603080
626756
613092
140864
227968
157340
75076
263572
428028
321216
608580
35072
487796
354148
301632
307544
154632
243080
288548
365964
163812
591760
24516
600204
590828
604508
615988
75004
13112
411860
204360
213556
616800
100208
456624
602760
620128
236060
329020
198004
341452
115468
278184
625200
340244
489780
89636
351764
1252
541836
551520
624728
638472
422756
399972
603152
621124
604656
347548
345280
64448
620900
232608
621000
608556
145684
582672
600104
406992
618504
250116
79380
539452
176368
375416
606676
13180
625068
110112
144716
385476
312132
545456
247548
626460
312616
474140
603272
606780
118140
353724
290976
499276
600016
573160
429904
171720
10296
599392
584724
284084
6976
610124
129224
37144
621764
617376
64908
619192
610400
492008
593032
610224
353412
22952
638404
431540
103560
630488
628476
596876
636984
62696
623828
372080
182668
6508
603536
468596
253616
353488
616032
295340
616068
169932
608676
597052
103196
613456
60232
628788
406416
601448
222760
591048
258596
323892
472904
144868
312564
610088
610868
585880
610452
55976
233424
619332
68384
155060
637512
488872
620468
464956
627468
620544
518960
233904
41316
616752
46868
59728
542216
86616
630128
208284
2648
68880
614940
626404
567768
437416
611232
166892
625984
613576
28072
612632
123700
444428
610864
595508
611148
605612
299128
605180
439348
426068
88120
312832
223996
483656
606028
625212
288812
266448
615596
464892
604948
452900
610228
108616
611496
588916
592564
194436
617628
597496
610280
44836
630196
608780
512608
2064
631820
632732
613692
403688
627148
613004
16148
320288
234692
505020
610092
478340
363256
612908
130924
177032
496220
401704
622020
224704
546268
602092
456908
357700
602028
80764
217084
612796
246392
555548
306780
252952
599052
316872
191476
247448
212332
626228
496776
616400
416
267788
616344
513448
627044
248044
337872
97180
601304
606400
244252
396060
634712
233280
363276
512
529644
621244
160868
16216
100644
602424
599940
621520
73828
611476
615556
423684
606532
616924
303424
615696
265456
282856
333644
119884
5108
219456
600796
609828
623916
212528
570468
444616
283444
63292
601820
481144
100288
626224
126472
58120
79328
603912
49332
30320
158528
77296
2080
3096
551984
107216
267788
30316
122860
491280
259864
145836
601008
166800
278036
443344
293584
33228
619820
623460
116952
19240
304940
205224
121456
625188
611532
226812
169600
46444
604424
113112
589568
583352
504204
136052
281236
512240
51320
614828
204908
158520
602364
240600
50624
160236
624580
625928
209928
369448
422824
198084
257172
262156
375236
12736
168092
604960
606852
351432
117440
610284
34564
229644
59932
21620
21768
487764
267128
154984
614392
1596
242036
632376
633944
462976
604852
356056
85860
287384
34196
49132
618872
613788
625068
618964
122632
300528
154820
529044
431900
291548
596568
339372
210152
635928
88872
334440
286284
135684
490228
605756
32428
94692
425304
181560
325284
86832
190452
541108
537888
164796
321004
603784
242380
326696
608480
603300
75756
409112
390048
31292
611244
642704
281588
56896
39972
125512
614160
77308
57376
240496
34200
118452
58068
55508
604496
142044
616684
479320
276732
610440
291100
368460
102092
39568
621008
366532
592912
622720
601412
597488
609964
515044
598640
596248
597460
315112
621272
589024
194732
151072
612308
445680
48
326836
312792
609636
611916
351168
119992
305724
123728
264696
543056
49100
629188
619056
429824
606164
619628
600224
553964
143120
597932
258440
214356
415896
70336
86752
604272
202916
627396
607956
648
83424
601932
620372
619812
629392
544208
611540
613584
592240
532688
64176
602232
263776
377652
172968
500960
503220
599828
33084
120268
515752
70156
569988
252484
602468
158104
602976
26692
634660
365248
317388
635836
206556
241960
624548
46760
628044
626348
389596
607520
197356
277508
604912
600496
286360
617660
613352
460656
611752
123712
247356
264176
22020
63416
623576
168760
609540
139036
603632
174836
200660
621660
293752
294300
49828
197484
239276
24964
626344
99364
589408
608756
575420
288312
594752
628448
611220
290928
616768
58116
620480
101904
618764
213048
623160
68116
323616
192952
300876
514880
621312
629168
139132
595300
34484
92952
588344
590988
175784
626224
608136
582152
383028
20920
588308
613040
75508
613280
600424
515312
40980
237052
295896
635124
117492
621320
331228
608708
243604
365636
37484
235572
41964
606652
600092
291200
493808
600132
601368
104396
21088
615136
632048
391660
613672
598108
165196
155356
479216
620548
19768
593236
49416
66996
171472
388
625236
156260
172344
68284
121560
624552
620928
175792
641440
641916
633652
146312
101060
530208
622676
91324
429672
249128
398556
611340
596364
115188
507716
138456
183212
279968
615996
429788
218840
491496
614336
211356
186256
608068
114944
618236
609068
143508
449272
630788
519764
586068
616516
45568
319456
96868
1016
601256
575108
297316
508404
29240
73888
580780
174496
328684
594060
249668
80076
608900
596200
622844
103968
606036
64012
200380
438696
597536
157156
79560
230488
422808
615924
321684
88256
606516
597192
136224
211940
170880
532744
476616
27316
274540
626980
600824
598144
600556
230296
189840
498888
6088
620312
41556
617212
616032
210940
630456
629824
207216
593888
523848
170572
546372
110820
345376
616368
21584
619844
5904
634976
852
508584
562164
59156
623912
432320
362640
494684
616436
217052
401020
274708
596144
340540
480780
578976
421936
7156
581656
601824
588052
631052
598636
619836
623568
295168
260220
606436
206324
7876
597776
313508
293172
337792
488364
611804
289320
619476
607012
512964
156052
404028
303184
29784
461512
601608
97656
631092
4008
127788
612944
89840
365620
60604
86004
342712
83140
504120
111268
384216
106708
606380
128956
6980
339584
17220
14368
613628
264264
74624
271192
539424
154772
313056
178964
619664
35212
380900
174260
41832
596196
619740
431484
166904
99276
598740
599236
87480
121632
609304
592644
40776
515872
259752
617180
251724
495748
90212
413244
540036
294572
63860
87836
598728
20980
615028
541260
278264
617668
4736
382184
631860
318828
614508
609176
590032
599988
570664
265240
602776
272408
294360
17532
627308
593816
41768
616656
125408
618400
112664
407128
616420
6112
445132
468900
282592
91352
499244
32580
622472
123208
611212
608368
53360
215224
528432
62608
260200
319136
551756
415972
118280
600532
621144
604164
623504
600160
117428
261224
299376
87484
613140
301852
162612
618596
600752
291088
484768
597240
231716
491632
14424
228636
241416
66024
27964
206052
607756
149908
624176
43060
608988
37520
316796
212140
481184
605904
402044
344016
342896
611712
618392
64720
619128
599668
600060
157756
61492
431224
75912
46108
619780
609344
607632
72932
295480
476272
405128
87264
543224
2496
635736
224972
635296
615032
232628
2144
111980
206748
279004
521016
624384
46516
184640
278440
600148
595528
625692
416368
119728
516912
604404
352568
139548
600376
622564
271732
274232
441068
139864
482920
487324
630208
360204
384304
605812
618240
10692
82060
278016
260472
484004
261360
615836
46604
209140
294900
622688
612564
593820
617432
456588
1904
250068
408216
616264
1984
432656
112164
598072
289960
207948
328660
296264
498032
551500
624172
622028
623512
136436
606780
114184
604884
315584
50084
485396
611396
228348
622192
608116
212740
38912
511784
61828
627760
174872
436
613392
603428
26100
449724
209936
33808
39628
610584
599164
414488
87596
433872
11532
1376
627960
150288
2304
555028
153892
8800
362084
633992
81476
506400
394992
627976
298192
333692
594816
602184
619292
289756
605940
41540
614448
386916
422096
212760
607316
70892
480796
599972
495436
620916
418596
310132
618896
604944
611852
153776
607540
126972
107264
68060
598568
629484
60536
333488
300464
159180
159200
604052
445228
610472
329836
617560
609868
604008
34864
386844
623608
75504
624744
639780
265088
461968
593684
628480
635340
5248
407040
41236
201576
292312
584980
604596
131288
534980
308324
623304
148632
62928
18616
609448
630488
143032
58824
219668
635164
266592
587628
50644
602008
609132
19224
208456
49716
41532
209052
275524
43396
68872
585424
273840
465780
503084
608868
618348
629020
425252
596772
142780
306256
291328
399236
320924
219084
171048
76180
596140
595464
609584
85536
40480
618876
602640
610868
508
536348
540960
177188
340380
352144
323708
99304
623388
99868
612424
165872
364424
67956
264980
630692
168492
606948
609500
37980
609668
119876
473956
622512
218244
633120
566512
613640
597332
198708
622404
606868
431292
284180
146272
337680
601624
561428
626996
571500
390068
89372
476488
278364
354720
86252
444028
77028
46204
548724
168920
262448
611112
602780
63744
480280
631152
610032
102624
99476
386804
191696
275564
628308
441096
182672
342524
614880
504532
617780
362148
603360
512544
594664
605832
449440
34352
320588
590188
622484
11868
104236
415024
394196
380280
493388
382872
632628
147544
605312
620360
207644
616580
470036
110424
593696
306080
111652
346328
633072
27772
611736
545904
601172
608064
617132
248308
616296
113968
625456
370764
311068
616156
482976
532372
626204
613628
66176
296832
5560
434560
602876
489352
610000
215980
91240
33020
604684
156544
60688
94468
226552
294312
489688
593696
586672
24056
190752
616804
632052
45912
106616
129192
628148
526760
8332
161492
528892
264956
610408
634972
111900
611336
130556
588840
150364
586200
292548
583528
251176
100408
593068
615720
55916
394520
521736
534768
605024
605404
267924
596248
51316
595560
468564
385628
342172
171136
310080
608668
451688
365160
176672
54232
46972
612604
615048
113972
525356
142884
507100
724
53832
328408
608512
176564
620960
608772
439888
183640
308896
597580
197700
2932
11660
1564
251572
607120
625888
612680
509464
148420
619332
617092
279396
336372
606096
12148
8872
668
376084
510012
611196
232132
598328
622772
428244
59116
322040
628668
465928
537704
36772
211572
45052
485892
167752
335236
608088
612644
596984
621140
390008
635516
90148
627100
62380
522076
473392
601728
244580
98708
609844
299136
484356
168
46532
340428
620868
626880
588072
85284
285656
418072
425000
382444
10372
391204
2456
630264
636524
246020
277208
118296
621180
312852
200464
549840
520532
596228
367008
328412
93456
277476
610264
610564
138188
169376
614488
250636
263372
468
97084
621832
101576
614168
365092
130660
199644
360116
615664
617008
286096
290112
625392
224028
628712
89292
53176
216872
495476
624948
452984
358344
601328
616824
607040
593580
605040
356000
607640
142916
280400
3772
546872
30776
12812
622688
318160
626812
609620
205284
295624
617568
282668
619476
276588
213324
451628
518416
603848
45736
607360
87412
610996
473296
621320
294040
66664
595420
617720
619348
625300
283580
77584
551192
628940
290804
360328
87400
229352
277832
90468
328976
626292
491856
614856
562876
280880
289332
627412
606796
527292
435896
246316
194224
6100
622148
608120
115220
613728
147228
598256
614836
76564
149892
595496
511052
89316
614688
372540
289000
626676
230984
609660
194628
49752
463044
300820
627020
571576
287148
595228
494648
245864
603496
111840
169688
611560
166320
601316
623160
376896
506188
536528
609376
248180
525864
332564
629888
604712
632136
96516
450712
189564
117536
611952
262084
42500
582736
129992
31012
476452
8664
321992
575256
486684
609616
225944
597508
620040
69840
264572
42192
626048
345864
606904
305336
82012
458724
616436
458876
131936
36708
630248
611028
214436
616692
624248
519172
618816
7844
447712
206184
621272
133056
368824
134032
611080
518844
582156
626136
390076
108824
192424
598540
598456
596308
24400
173356
122832
604548
470724
378044
143324
198208
608452
627536
836
620016
610420
70068
253360
560148
618164
448712
472532
4948
29552
630772
367708
362020
62916
274832
537924
273276
326112
586920
247116
592248
604124
602680
136124
94636
232552
538472
605784
603888
598100
326092
612268
56264
603796
203576
630920
631228
621768
114488
626548
203392
163868
599772
161512
339316
604652
3468
615916
63272
250548
299792
619888
265204
519920
2200
366668
324372
104940
23624
314340
623156
603892
165940
49616
597768
528696
114144
445704
473364
239760
310660
631844
375048
620252
141904
236060
303676
65036
644
309824
272012
530840
177932
372368
455096
607528
616012
608532
58408
637304
355160
175384
85404
191056
274844
38312
127768
80720
472156
186256
35520
209484
159656
513700
213832
282100
182736
607492
610016
136032
619604
540396
528272
151212
172956
65284
420744
162980
410972
251804
292964
249376
615164
525848
157916
615960
267768
176136
633908
318684
609516
299036
228280
20120
259828
344524
243852
614292
44584
341832
637536
2456
618328
422504
429340
613812
621856
591372
483508
602120
599836
30276
76684
21160
629432
592736
608176
404240
283140
423220
627448
630424
26776
600520
557284
439332
275084
74396
87332
610784
44248
339424
604996
611448
607076
425752
117504
421304
629336
565432
292376
612896
321756
624016
77996
403144
419412
597000
498136
628464
232744
291908
613176
634740
621368
289232
619944
606436
182816
586168
585144
262376
636536
172664
142712
312984
89992
222672
550900
379452
615256
135860
472
620704
8708
3888
295248
389604
604648
622868
32108
603052
321860
423272
285796
603716
610620
623156
608100
94928
247608
123100
221392
237084
599268
311008
7348
452752
122580
149828
88032
615484
625764
606072
57684
269612
189248
79948
628308
219108
487372
628516
281640
604984
613824
501064
633064
517956
87664
423604
278212
72240
6816
70676
32460
207680
227608
627252
299356
608800
611024
626540
615944
619584
182280
610216
349628
117440
617508
178832
603784
13460
526732
265108
613936
452800
594800
151248
622392
44660
111144
601096
141948
541276
616388
612340
601812
598740
177792
603732
93176
608468
612420
536592
626416
114492
421504
63224
38120
322384
46336
103312
612768
436656
125316
502488
530172
623576
509156
627124
792
192948
621628
615436
371336
64200
173404
63920
226740
284964
620464
336704
59160
584648
84984
617972
276944
599744
511304
611644
584220
619820
607464
282072
160184
606468
620716
546236
106392
14512
628688
624608
630912
632796
204356
252024
604360
603200
222072
327828
610508
204728
79464
182248
604272
541304
274204
620260
599840
271588
165952
312828
6520
611548
627736
123596
401716
605020
580676
623708
279220
2856
636420
638856
78420
132560
388300
611968
55488
608920
621152
266252
211144
211344
49368
636516
473268
254168
356832
9816
629404
491792
366288
619140
305324
266092
621472
264332
604288
471960
603744
470936
594452
40884
380056
625528
633696
52156
343180
5524
10624
615784
328860
605708
623980
278316
44520
128748
48196
23508
94472
320564
583544
491400
618032
613268
627448
611228
48676
78348
626780
575404
146448
622828
486576
598952
462104
189244
400068
17424
620332
618592
357716
315308
293396
605640
616732
299096
615776
163384
612656
411472
496
195292
306592
193504
606124
594036
602356
284656
142356
174288
611620
635324
616400
451324
503608
517312
607800
534008
211616
612972
32948
239580
614752
603132
110476
3168
60480
38392
616404
188616
453692
291584
135224
187872
616256
22160
603540
631172
225256
516500
64704
317580
283436
71608
620392
105424
609248
408912
53808
603032
614288
33680
32328
606484
465152
593388
17152
604
6512
649724
4356
96600
610184
108812
613972
64096
451308
611916
614476
433064
140496
275680
267180
26540
118532
617096
24424
224808
291736
598188
237064
287084
320740
621268
471444
613592
39960
604224
228312
316964
616420
218144
208680
476880
623700
205664
341560
275844
119348
613272
619956
5448
337332
138464
243548
618248
628456
321212
175080
161708
10152
620056
365988
149068
101760
246156
328828
606032
131300
189800
624268
104348
637956
630668
476648
623228
505568
518380
32944
164760
188188
419236
615520
541584
595976
610756
133424
409024
612124
55420
447108
309332
164416
309972
127724
369668
296588
522016
25356
594504
270580
598196
602216
291284
614400
181072
191548
339608
332444
244856
612704
611540
617652
598984
535948
51252
340800
100656
631280
596888
313460
106236
600732
297476
629816
613336
502040
428800
591272
145856
627420
317044
598220
72148
288152
591488
180436
221372
42360
390672
51256
627012
620644
622884
625792
7264
256508
601156
39736
72284
629712
453716
191656
357332
607880
260440
90116
7424
593288
438732
602648
66132
432460
425180
161472
625272
325776
626708
320904
605152
609556
95928
83936
300200
588284
584372
242736
599696
44460
444148
630612
513816
105732
198128
634952
298244
223148
348284
55328
613932
438316
473020
230664
44552
620936
325472
513544
198572
590036
619980
619716
149756
599164
497824
624572
622264
288624
606544
141424
44440
618512
625888
632584
174180
134884
618936
150812
613812
334800
623372
604044
331696
43840
972
602728
52408
16556
329768
16784
346708
50772
602520
619792
411968
418536
211672
70404
529452
478948
617380
180444
618860
424428
73040
617264
330740
312832
157156
636856
344780
268036
120000
363012
155548
630248
633668
379428
213528
46012
318864
606584
610320
625140
419160
593132
97752
338816
119872
614568
74552
37004
489664
201972
603972
398656
184880
620964
464992
552444
347960
3232
286776
247808
632464
620248
641624
158596
517940
609796
361664
384384
317776
208208
633128
56856
615504
600768
157280
164480
271584
621392
194304
126836
206108
600844
36960
605868
154184
287104
584716
596916
616900
312432
610856
146540
607360
608892
620824
607976
620440
217196
473612
155824
124156
619092
89716
615056
499528
629520
155688
300792
606872
278968
615228
609352
613716
144620
581592
49004
41276
38768
489248
620972
610520
609936
362988
602324
128064
81384
619132
56116
2884
9576
152
280904
609428
363232
333400
595896
93428
316368
157368
134644
151224
264332
264592
451664
620480
170404
41720
618692
91940
349188
606264
519412
49200
55860
532808
605840
468208
626028
624700
612852
192184
370380
430496
615620
279784
310900
190096
417632
600840
278252
613788
451512
423012
470924
254484
602808
273680
156452
598620
198704
552440
369396
199780
601056
263888
623848
200040
578236
623944
426424
181208
198416
90648
627824
268920
450128
216820
165532
533268
627400
620160
604396
611976
245832
611288
608880
610784
175100
524380
608632
144912
234336
602236
129828
71140
94680
266540
228712
276700
478096
611860
403932
378076
617128
623756
68972
626352
3888
620184
536184
54316
9676
304000
621080
160756
607356
606288
622088
606980
301276
624852
77080
355160
530552
620688
444404
598524
614416
495292
358940
594108
615532
111028
258652
303412
257596
438008
218340
308432
161616
176748
615484
37692
612236
255296
606572
630040
300816
629476
86692
616556
71296
522712
448860
300420
592364
600080
592632
380452
35020
623980
272072
504592
572588
628708
608480
589628
75360
606968
612220
348616
45408
621884
602056
370140
321920
519476
296992
600576
618808
308848
623736
411384
622700
1944
20212
296504
611540
594436
246656
55052
591248
609808
590048
595340
619524
74388
589816
620780
407476
629928
45744
21700
1096
454756
228540
82156
375336
374832
608920
130092
597056
485868
636636
144032
205852
152824
620204
640212
59384
329740
608388
585376
271868
612724
607480
623320
141404
35668
612052
594192
47136
612580
120592
24224
225464
295132
220152
24892
610372
610668
560480
298636
250260
308772
625940
180148
191584
194288
322404
246860
113836
95888
128148
186768
627144
611348
289984
379960
634820
617868
92996
618840
345628
293976
513600
424156
583484
248544
626180
451376
408
151740
623024
410456
427592
473656
216828
261716
630700
97152
56900
210216
491860
607768
306636
157404
178152
616124
32364
597160
610532
618032
170736
527052
593244
203456
42764
160652
608764
616512
49448
595652
602608
606248
263660
274376
626012
610624
581940
610480
611988
276612
360512
197192
621580
51740
622060
289624
608872
470416
383532
136916
626376
614252
310584
495636
109976
247408
634728
4152
468280
298888
317252
108568
549248
293540
586488
537152
598308
502364
523500
640756
295524
302140
639640
185756
165160
450688
183704
231344
603508
169188
606116
158204
7908
8460
254184
214228
124768
192460
628304
57164
117792
545572
472108
92164
618748
621064
35720
340972
608696
325076
613508
407628
617524
273092
624308
220072
31816
84600
46360
50732
3348
523596
99044
257368
318324
247180
626108
357692
590888
514024
461808
628088
67624
220704
618400
597164
521980
618756
85188
305264
606604
613472
292348
613208
113440
614832
59132
241012
49456
395548
599804
185848
490536
85272
433956
282540
115720
54456
518940
1188
580
605880
202572
163824
527552
460852
620384
22992
635480
420648
288904
617808
316512
613592
623160
587968
614808
292024
613632
500252
233380
500672
624924
602596
409044
298024
586940
596268
611712
418896
626908
67260
350512
267908
317308
200676
492136
622864
612860
619900
599052
486788
228372
599524
619796
605728
585124
164996
606380
364852
129116
529432
614144
593368
620232
119756
156948
583048
594524
97916
184348
299000
615436
613496
248344
244492
614092
305432
602152
602848
21780
223700
424100
611500
130056
241936
603140
84928
314856
227140
604416
562092
627056
615320
602436
57160
62672
354212
236164
363384
600564
618232
217964
619128
603324
71120
247372
474448
6836
1988
196004
371432
606968
10812
339380
604028
618064
488420
593656
617824
317044
628072
83548
510196
305328
62104
336652
101836
618244
629200
52224
114212
288220
610396
153340
514708
265232
469792
588188
496240
608596
594884
621200
43912
135672
66756
629856
415272
609652
572232
159924
280364
376100
293508
31208
124180
247492
606004
609956
172720
218436
236428
27672
195208
105908
616264
620076
599908
623196
561636
630332
248272
1772
593968
621500
348392
413484
222444
272424
43048
279540
603728
630688
173892
543700
226432
620492
162600
612860
625880
488304
244836
601376
594348
77192
92500
29980
109788
473976
634592
421508
224280
232916
305524
171148
254520
602740
323020
224220
66460
606492
612092
145448
610408
386604
175444
121052
617936
601152
516948
457008
252344
616300
623124
602008
377960
504140
74468
519296
271784
542512
341540
612460
40476
277836
102124
302768
174808
629484
614012
261340
109332
322628
165216
623184
623364
612132
614912
289216
83128
232600
56640
625760
615628
300592
3400
607356
623276
595524
477048
491740
51048
285352
624768
632536
623972
320036
485624
604604
380908
626100
54720
587764
251452
263868
146172
591600
148920
93936
184544
367348
273044
622344
25616
622948
599604
308036
285660
487840
13484
470172
384864
29372
614564
219660
598232
63756
619780
615360
625268
623540
33544
600924
426096
146544
248496
510972
12572
609964
603764
165904
535200
492476
623092
267196
59504
634716
282280
604576
328248
402228
490996
382180
279704
624632
593452
49296
215584
322872
614056
614136
531328
498880
80916
153884
199528
346124
485876
514028
617724
621968
320740
193252
602352
618016
427536
603840
333400
594544
196112
600744
155640
597680
524644
120888
601660
524580
611108
58960
16844
333280
626944
624756
601648
274132
63904
40084
612552
594040
310540
303120
495328
23672
78400
616216
605240
20080
630384
630328
619360
602292
602980
500532
8832
235084
590552
607852
517868
237736
479540
624836
627068
172032
258964
26272
442024
41316
23360
610892
444576
616244
627836
609432
569776
309444
618916
451264
30476
175904
206660
259520
594816
612244
121728
181912
621348
600256
621904
416752
8656
1616
510568
621112
357488
378712
626756
628808
248524
243616
258924
433588
614220
76616
86860
342320
382840
530516
128188
231912
246692
38108
624592
607860
310424
62456
103720
32636
282748
470336
620148
632196
618668
335396
624376
623276
626668
433328
458032
259876
123352
597932
614512
609556
619328
596544
396800
616736
606500
290048
146320
123620
597528
245692
556
444696
609932
310748
475816
613360
368488
602660
220124
49084
483460
100232
434928
216380
318164
601868
622372
261816
604436
131808
401960
276560
266912
228392
210748
599380
598380
618620
380256
497664
210480
53804
620848
100616
55844
303352
165144
603800
610296
118056
518560
17896
245028
40584
95808
615512
625000
79112
608372
66404
28164
349200
81320
74476
584788
361664
114760
635796
74672
599232
80980
630652
612436
121904
613528
226636
428604
146724
530452
621692
624236
171100
631916
191904
331412
77876
395188
628668
615176
332160
546536
628092
58856
327508
199344
154224
616048
485660
596640
610228
597240
70788
142136
625320
142236
593752
140224
280480
284932
607724
190388
111680
590260
454244
627208
623048
171300
121440
607056
472160
591968
322112
373072
189152
595672
354864
600572
606456
152172
55464
629760
619264
617172
621016
509316
310800
151100
111100
615032
64832
57964
596776
27844
97172
318232
608940
627456
355988
312132
517348
133484
593868
621844
629240
450472
629628
596692
16488
608816
50408
426796
238728
8396
621900
66556
330312
611964
494668
538304
58784
607024
591372
196132
610312
629048
604452
613264
184724
594768
271424
400368
97032
471324
145580
588948
631172
604000
611924
199084
496364
597948
225124
616204
450472
11968
34944
501032
621828
609400
187872
437436
599000
532144
608464
315304
610356
607564
111068
215696
625784
221788
65368
587936
283680
265500
104272
128124
601096
83764
392684
284160
201776
531320
613420
200456
363964
411684
48092
60592
606600
178884
211256
615744
473640
600144
454696
536564
334804
10612
257908
66480
617048
127588
401092
478000
68744
278012
607940
610752
614144
211536
112608
145136
607672
170608
121244
603748
624812
620360
92780
591556
107408
42204
80960
630984
488256
535588
248604
46412
617648
309880
131448
1340
92764
332856
102716
602760
601444
609748
41352
87608
443728
475856
491292
595948
624992
609940
189712
624764
261192
75444
45804
184188
119388
277792
276780
608616
301908
508332
14616
433020
595480
354516
321624
36944
601564
467908
601084
600676
507240
596280
344552
631596
613676
322728
601388
52272
621760
605428
291048
219516
613596
254216
630628
517324
616424
622576
500716
608456
471556
108872
15236
143804
241660
43576
26000
427500
205224
318924
83816
176396
586612
596792
135368
40588
482748
401952
316792
18916
625136
608656
608896
368176
151216
105668
47124
57560
259072
307212
608188
320328
21376
61452
245460
604992
123784
24140
101448
3224
443216
267080
254484
581260
140964
10248
85236
611788
162456
614784
420544
603336
226216
317860
611604
308348
606432
343216
16040
44224
317740
255912
1620
608320
53720
619076
143472
33624
179928
621292
180212
620852
555692
608600
515552
1000
168192
623632
119652
455612
605964
588128
272168
396060
428048
603372
614016
70932
315656
371676
9448
165556
49096
629772
88604
302084
615156
132728
507620
342596
163612
168200
598572
12424
99172
615648
2520
443920
85280
235048
626168
46532
626504
625112
511352
84932
345588
115052
389928
623048
267608
246616
318660
625508
606036
510728
631088
40152
113108
480984
12728
106996
44148
131272
236856
413188
499792
598296
111984
627636
610324
128968
449596
633960
609344
312136
607120
164140
622200
464256
240488
589488
50292
607896
281780
591712
343308
607652
518040
86248
72440
623816
291272
77948
337516
301572
254028
358476
538024
475688
611776
272816
629408
176924
601392
620352
102428
621528
528012
275044
25632
409068
587136
105060
617864
42952
591492
85944
400580
640612
624428
194520
257456
496732
159092
156380
595696
91784
25988
592252
358796
211124
10980
230340
590800
45280
301868
616720
326304
1880
276700
390428
179240
617984
76380
621216
625604
352
604112
141460
58520
534436
627508
331568
122524
601260
598420
558840
612428
202040
485672
536196
313388
625092
23572
617856
215012
284388
605260
593192
160724
174960
643956
621536
374364
625244
616544
103260
63552
47392
609524
589692
80448
602380
494900
26148
626472
613436
601956
121880
60084
624184
509656
91316
596448
63880
29132
93612
312608
630168
134072
579708
302204
610424
416816
254164
252740
43884
450912
150944
1956
617520
564628
595784
603668
600788
274084
501792
391100
622100
364740
83180
608568
76000
322092
628780
628308
625684
13104
597056
616936
120800
502852
471524
171936
139028
187836
460884
15504
633568
618604
255452
618248
4664
108356
632544
603160
276312
128776
45848
33544
406172
437692
291364
493044
620660
614796
436124
508376
49292
425140
607584
593848
325260
209544
158832
73076
455120
596456
339568
179144
105796
632456
149068
129640
592808
7704
112584
496460
75732
453404
629036
163500
625616
348260
298472
499316
602284
402096
38688
619660
603892
602100
399904
98764
579180
600192
495752
593092
581928
327060
612708
312592
176104
159468
551236
593580
366224
620408
45828
523512
630572
5608
441412
620032
322364
596940
24556
626084
627812
142648
13388
283216
97204
426240
629284
605364
586384
611364
292596
618360
139604
98540
198720
414588
161384
10748
8856
620676
270092
180576
330316
33184
35016
106372
57996
627572
616964
1892
531876
383500
617088
604000
108084
620784
611220
623948
366664
503276
34316
628716
185284
35720
407140
604568
250276
107708
632060
626028
630000
57800
67896
627552
608572
321632
599872
173764
314616
419216
305188
617456
4784
589544
500296
268560
307476
621796
625776
194216
619888
277520
32080
622804
201620
320556
593796
427604
278120
165080
622756
606700
383068
155616
175680
217180
601328
560184
122452
613888
155516
48972
511420
35904
438428
583816
337064
627480
58972
254240
606552
46928
604632
600164
256672
303812
614504
227220
265420
303544
604208
38036
102288
29348
381640
291972
105744
626032
614560
619020
544636
343572
571644
616188
606100
623656
313096
625600
93276
625184
461384
185660
340588
610948
507508
634980
360548
602684
604496
150168
260596
248068
621096
137648
610848
37796
630796
629532
120784
163912
124048
401380
441440
265064
444716
466392
504492
630168
477296
363244
617164
197852
233944
615468
6168
630580
280808
623380
604068
618940
600084
407304
42632
196276
606232
393124
593988
537044
496800
601488
335008
623116
291908
613612
242500
599220
606928
559128
532920
159816
621736
208020
545116
179152
2516
616964
633824
1080
308084
628996
122708
366480
625004
605248
256120
606560
224332
589716
30348
184952
611260
255396
619628
605424
436176
63928
616056
14768
593048
617244
384004
170184
163224
69328
267436
47224
10648
23900
478340
271412
593824
121128
613480
39620
237000
295088
107232
604132
296300
282308
109680
157064
607500
607504
499332
36492
506944
625088
452424
613508
86520
607800
123816
285080
596608
625292
45992
53392
618456
602224
234268
176344
620140
312
104052
8840
136784
35692
623836
271396
623272
208028
489480
80644
587696
409388
192256
51056
618396
49916
621348
436712
290796
155952
613288
604008
277984
420148
614156
388
476132
176936
623404
186844
7764
620096
15664
608268
329856
324012
273928
2924
626004
11956
494140
619612
631888
632804
317548
622976
604324
588476
75912
1048
352124
47368
128892
3120
514476
70608
620996
601964
147596
604752
618988
623396
600932
44936
212300
496072
612500
135984
607000
154844
626740
456048
269388
614004
97564
620328
421160
619060
390228
613428
25740
587072
513440
29416
630048
614424
618672
101816
39076
617720
223644
621700
601432
617564
141740
81704
63876
401764
595188
596668
586640
499108
109040
625212
2808
15848
52272
206004
70152
616136
219444
524712
157568
24604
624140
626520
611304
30648
610084
519224
617520
605020
608724
36528
484272
267008
478400
604280
134432
183548
227656
169496
490684
113192
316640
375996
325376
52188
607988
593976
608348
68396
46792
510792
68220
613988
187536
75484
540460
613520
273900
595744
613176
54272
318508
11952
430228
202316
496436
629556
452488
386936
389932
3108
31856
610692
12488
47604
240880
161780
606836
307732
621884
24072
633712
619208
604608
567468
606564
173060
331860
621168
308960
98164
321568
629052
297156
619548
188336
107256
515368
589904
605288
115268
59824
329156
295608
634600
529216
614828
224384
171248
307800
411876
601948
606992
116668
504880
629016
116620
59584
636976
56768
585704
289940
536868
183056
279356
1568
623076
608084
499344
359600
214012
608412
491416
393240
591228
617492
112000
110188
601764
603484
155064
456508
310340
614596
606576
299000
52100
620280
593488
412112
620052
48936
125500
503732
535156
626812
301332
613072
439412
294712
71220
198772
475192
617892
464996
29316
525752
316896
634032
612004
618920
501504
615304
621064
281728
1076
62068
122880
475020
253716
628308
176196
259700
610232
257356
62848
332784
193568
605484
614420
356304
313272
153568
82736
433616
525364
41952
444880
152308
558980
130196
593160
596792
262588
143000
404872
2032
600624
603468
287204
603260
623220
397852
281764
213072
52392
32592
481320
3892
623432
519848
4188
112
720
11496
323084
603124
177464
617368
616840
1564
614152
589804
610964
53932
178304
591564
610676
619904
596780
614176
604252
621228
140564
45948
556240
431368
311912
588408
614080
4
223876
543296
608816
624344
628240
3468
621040
558576
218708
152132
617904
271604
601940
19364
37992
265736
70236
591124
312536
526132
138556
156840
619376
17820
337604
630372
132244
626756
627988
613864
173704
144984
612444
449668
313136
13160
167824
23524
101172
632928
374704
440320
214232
249324
289532
17604
464904
610524
289972
616840
451376
424768
604588
48404
243304
461940
521352
342152
599080
618140
605728
604896
375988
480052
121600
409572
599780
26956
61024
598908
964
8064
167004
372064
266580
637964
509704
493424
182080
612160
225248
150540
627820
306192
55344
326044
617644
48956
615960
9184
38780
235084
608260
67904
160552
536112
267452
605540
179984
622292
50360
380592
174080
111824
230588
46264
588180
436136
299880
488032
14348
331220
612308
193144
322260
254488
601580
163248
601740
597692
190308
414444
606164
6988
60148
619140
606120
9228
10992
43276
203608
120560
441864
470556
560796
600068
349928
576560
605244
626852
21760
608016
608176
615312
615936
621928
388744
588768
158780
409732
619104
83572
610612
555780
598428
97756
606136
339560
619664
235896
628868
613880
627592
66180
615380
241992
128612
423904
125820
213300
132740
54196
604004
591468
623444
619608
322720
539912
3724
619328
4084
126012
291836
622420
557036
609148
611280
526944
612500
576700
65376
593824
605532
599024
274068
253536
307948
618076
278352
618180
449520
623248
31588
614732
43644
614732
260700
312808
601264
136180
5824
58452
81516
330876
421564
604380
622220
397968
419724
40368
606128
223616
494332
53204
632932
196144
125308
4012
622808
357240
171260
632320
229736
620580
14020
613528
528076
265188
614456
142136
166084
630820
315804
481736
614120
606564
373936
216068
594692
227740
504868
614312
619380
408340
153376
73728
529216
528100
593272
122416
594976
498740
97788
633524
612300
164092
611336
446560
605236
446492
596900
154516
627248
167336
311740
291508
601592
428888
247804
265076
318396
299360
507368
113776
37868
593068
46628
147640
2520
284328
166180
342292
268584
624872
273348
275352
613188
615280
104184
602784
296664
115152
612196
595476
619848
92360
604280
619828
624088
79244
425572
285852
508592
321024
215124
303836
641480
494608
610016
417828
602480
207592
479660
619000
301476
606364
377784
530896
314168
617084
628948
604928
628888
600232
417508
319856
48784
165976
610816
175800
8420
347388
51508
622748
478460
177564
612476
593280
150416
268440
269952
615328
340608
607868
597556
608380
627156
628768
609716
186132
42300
593080
405388
317144
319736
88064
550332
84324
422192
6744
98508
100940
107172
63672
290660
606928
602508
613528
53836
351936
595476
567756
593508
601360
586640
299504
621056
611664
623428
624708
604324
446376
300128
558736
86204
296052
622392
460856
58352
53468
501304
105824
320820
181168
596064
292968
605404
117592
503224
503800
621728
625412
615644
620064
456576
497740
597908
600184
604332
341448
621492
284936
608064
616904
614956
394128
476452
604804
599120
178592
175408
880
613104
595004
378332
213992
264844
472664
145652
467948
219952
465272
624996
15304
219720
241672
122380
147552
514420
50584
291884
69240
605144
1944
387424
623420
403212
370144
608688
6172
603332
627448
581348
381024
499760
632948
590720
621060
258084
168604
632864
1216
113500
590492
610240
612248
152088
245496
590652
602960
31100
365848
334500
621076
601196
537384
81420
635288
92112
108372
342752
632560
225300
105128
619192
619212
412560
40004
595080
856
466448
476408
616968
598676
618188
599344
595444
98784
174032
589800
611648
593636
187000
620164
503800
611760
24192
292220
242672
209116
161080
116704
603332
535268
633508
317668
304600
466688
600564
552328
585604
497124
592228
38492
601720
560148
608092
620032
611436
2880
412864
632688
625828
250544
73764
614460
597404
18780
623732
102448
474668
393048
133880
213996
620192
602172
255808
597088
614936
600756
630764
632092
347148
369276
292508
128360
619700
535896
11700
315784
603640
490244
611752
93796
305356
153996
600488
582280
280956
514824
45616
291132
610960
600044
9476
358956
610984
58076
569472
307464
58608
225352
208552
169968
616996
180940
99068
189464
113540
285964
477124
66024
602900
191860
150896
598640
266604
361676
618232
608380
613992
304164
604696
319672
608748
613736
533484
216852
610456
36936
123776
50848
105308
112084
206052
193460
318160
598388
305244
605460
621448
97044
613572
615388
615084
298348
609324
127628
604240
269544
532908
159992
221172
219688
79156
353680
595040
524540
475076
13752
1340
366984
170592
621120
174136
297240
27700
604656
603004
145208
114860
400
276324
216
220156
505832
617912
558732
412444
196088
58924
613716
102148
616532
619128
278968
489384
611088
218312
32452
247204
64524
598120
292756
1948
615916
618352
31472
613104
131500
373152
188008
16856
630972
628532
624056
629536
1528
327472
534060
397332
621692
368704
631108
418252
623100
341480
125456
626240
344508
621896
413840
159292
609168
164812
593332
589680
623108
619848
220916
268100
502224
104148
626500
32232
151828
285948
401912
619612
470308
129368
401020
484664
71164
320332
611716
335224
617544
66160
605844
452040
625736
624688
612236
14136
431088
614456
599568
588592
390424
276200
165724
15252
592148
48864
622192
276920
176044
532432
597420
267164
278000
265280
390696
614940
617188
136192
599220
618188
148904
247140
602180
437568
313504
585092
25900
291084
600952
124872
261756
599392
613092
616440
626432
50344
482376
164880
598088
596524
110928
612676
19660
336408
480924
608336
328912
545272
631316
606256
633692
108212
449460
199076
166812
14012
610944
626680
612156
18780
247508
240944
257872
313812
302792
28680
220260
612208
367180
527388
149932
249212
612268
261352
632372
146800
171160
606684
143692
389636
603104
595036
441672
638592
639872
303052
620076
32256
260848
432448
626728
74220
58084
91756
621924
187256
623612
598236
623060
416512
301088
142604
327160
594896
407760
608576
605148
285532
465276
64020
603972
476660
23472
41964
621684
482580
149612
310576
607460
313856
1440
7668
597316
598164
595336
473200
138252
335844
620036
604652
608296
610844
271472
616992
548168
103776
207548
491348
607296
495972
391072
296616
610748
137612
513568
351380
363864
161844
246460
14684
122024
235892
384596
626628
137020
607720
589440
621560
611180
591936
481392
85640
625152
422244
605620
125060
580708
469256
582728
148508
224260
332088
458220
176164
94832
615336
486332
250348
613056
18068
625020
624036
605652
2612
206216
516264
173948
619028
102208
303372
612232
449688
616848
620156
165784
617308
273356
454672
618700
163964
608784
234360
123972
287728
608152
239628
621908
406384
343340
297368
511100
75840
401088
101364
602512
202916
208196
106632
42216
602496
592316
158920
60200
263424
628100
338272
313356
506984
99764
348400
258704
624760
594884
229004
595812
416600
615912
611568
493060
619864
629540
381756
214188
135972
239096
497248
15676
161824
200072
483380
526968
622372
27656
458944
643088
1684
8888
59444
128420
626652
290728
258952
606920
22764
619648
413076
596676
550376
191200
617136
349480
5568
452868
617768
600960
300124
214940
497352
4408
390576
404680
177680
617440
273312
9072
620004
601180
170104
629460
622224
59480
631816
634556
467592
503496
606908
581472
90664
453172
51672
218944
95620
111208
611404
518940
140468
262492
612716
2248
33984
128120
632572
489660
17720
145556
396568
290340
596856
606836
525312
616100
511572
630596
640536
89612
626960
257544
499544
637504
187032
48268
268428
199796
516316
150548
249412
147776
589512
53276
80644
484836
613500
477100
209040
412456
598272
133924
610240
300996
338344
606652
195988
589480
606692
606224
231260
491520
10816
315324
634524
155720
630112
460460
234280
395744
208196
622712
603488
611240
618420
522728
473936
519836
145528
617260
461072
598092
249772
231356
90596
601044
250936
490432
609688
384956
23792
148228
199484
618224
596952
255076
321616
512424
65040
264988
59552
631340
7108
245992
14120
103812
418456
307976
628060
223696
609232
56816
25548
66424
605056
632460
631716
692
582468
613068
472980
523504
304700
597664
377360
131716
613044
616304
579048
616988
292072
135076
607872
269440
296668
21444
9100
260424
284172
624920
610408
625832
137012
617948
625808
602468
170864
117128
50008
616124
543656
39604
588956
319912
76792
450656
23996
499596
120372
242240
310864
40560
121004
222904
134760
66468
305008
28448
634100
469336
602240
313640
100672
600632
159572
131880
272004
75432
428244
344416
612944
634756
52532
53772
313772
567172
248836
615256
456312
605596
173088
607140
619104
605636
589104
624820
601260
128768
584260
301084
624312
51344
294832
14348
96196
207216
289196
603920
623624
251308
244888
260320
445136
149724
173300
607864
354424
388040
522396
362120
603876
355692
616212
175516
148876
608708
67032
147576
330112
515492
355224
589016
65080
41604
324296
623784
187040
105448
396264
626428
432908
339816
397776
608676
633980
620344
602752
275408
623716
626584
393856
618912
594200
223148
512684
618024
603920
290420
625020
73604
482288
429020
618428
607312
586880
610524
2416
616928
375644
501700
549188
625500
625192
270068
60492
234848
606548
530972
258804
620072
605860
221672
615096
124132
620880
250460
439776
447520
59772
467744
195412
13100
105924
611772
618380
531860
607148
583476
621604
272168
316740
618156
18976
6896
570600
627108
430124
610928
51052
593144
138856
53924
405292
495872
595516
554928
246756
204260
612740
103968
41980
634760
598512
488184
171984
84664
292748
617956
594484
51752
232132
299160
397000
4324
47208
485332
75144
284452
294672
641684
623640
628144
637180
444172
313584
606368
145492
620692
268540
177264
93964
610620
407656
610528
48784
463088
625608
592800
22612
165900
294084
336436
633608
621768
598116
37820
125440
606044
411504
352324
344464
276336
633768
68192
601428
105176
601964
598644
602108
68804
108352
629620
27428
41272
596960
276200
86144
590088
433004
612264
616236
600932
484812
616544
615068
290464
599368
618052
334324
626272
47840
143468
625256
626996
29536
321668
213664
155532
625968
622704
371900
609224
617884
265500
606844
598596
129052
183964
312592
52652
203856
376544
322556
119108
606100
100208
623408
631904
204720
144024
275648
628756
606624
174628
605144
24496
592896
96784
443640
605500
597588
1912
620264
626608
633304
159640
6452
614812
171632
42596
603736
610876
167184
588312
599592
23528
47700
315948
204752
626536
358452
503748
510112
253572
503008
606012
326880
614952
82268
87696
28360
200688
604096
624888
30176
530660
123064
442432
523528
540728
112
277144
7268
471316
598760
175092
629568
2988
386044
501656
3092
239192
452404
604552
148304
41756
282048
104976
160824
321604
531144
132720
629368
273820
532208
174180
601156
607772
613356
561008
306008
507992
1672
630052
507988
103416
315592
22688
492088
20512
223140
204408
42484
133756
126188
630444
28112
628040
472156
46812
608168
567436
430532
215548
61088
116432
616156
594812
286620
232044
618036
598360
605072
585616
632544
620324
190888
615688
1396
367072
612248
3436
626148
499020
358596
624844
293104
608000
19748
224368
615428
614616
124916
59984
618608
104952
324660
617296
584288
12416
29296
360288
50092
38132
298752
593264
84316
328768
206588
148920
623888
627016
615068
261708
21752
477028
290440
590700
376212
498424
523284
102212
485240
94688
434652
627044
167024
100112
604496
106784
212468
132744
625276
602100
611588
588800
542020
324640
601512
152080
181684
190408
114524
43872
597668
104572
328972
628368
165552
233960
592716
74592
368944
399908
301260
600736
603928
414896
463116
624180
640108
606700
394072
450908
202464
155844
526064
315416
603296
311616
305656
620604
596700
417836
433504
602508
507800
242900
629048
252420
633904
615516
81372
606356
334252
178372
179916
322416
626344
627464
103844
127724
624672
30400
578208
598364
619276
338848
116652
102148
64784
594496
607496
613068
637424
254596
601720
102696
444300
459240
81200
600816
296884
636340
193936
506612
339760
617080
596716
304024
528864
251572
279756
627176
401800
177696
188596
389628
542700
336384
295056
620244
593092
613380
611352
60004
228792
218872
283484
620816
603464
179516
341984
463696
160528
601172
345484
374424
13380
616800
79516
632348
5504
145636
243864
168048
639228
624332
385444
344748
618036
263972
324632
252168
598564
587448
149180
621256
603424
58696
629404
622816
605116
615284
435772
601028
300040
134580
267336
264760
605096
445316
1188
543780
29400
198388
281232
418276
92152
65140
629552
191544
353276
182968
139152
627100
102788
198504
621628
626288
624016
278640
21828
234868
292844
229772
618836
601908
622204
421732
24968
334232
588204
597256
313912
290876
480464
615004
275416
28056
150276
571336
433748
73496
626380
605540
178080
136904
594492
258128
142056
155324
598928
620684
620764
67496
620624
192484
269628
93736
618520
245160
190972
124456
53772
633960
607068
609776
189388
250452
601776
315472
618836
339156
319984
40188
617560
619396
615544
188428
313708
604392
615252
612664
387784
30712
596028
621576
264792
611588
197836
261044
616928
74788
605952
71280
391416
20208
620940
618900
303880
631396
162432
420228
251816
623464
49348
463584
94068
627776
596576
614888
44548
116592
269440
178232
135744
624900
530028
605360
618152
168048
148488
143124
219192
625628
15248
48412
364884
308756
623784
168056
619256
597208
491716
444404
594848
623696
561088
400824
160924
621000
474636
61304
332964
161180
38364
605968
625248
382956
605532
28020
612904
343936
622828
475552
617204
187316
618256
356412
605056
620244
118384
564572
514840
614584
31188
45400
602476
12992
175528
30820
192592
10360
41580
633104
615628
395640
514468
41896
36332
636960
269624
613896
621012
509176
94608
149520
598464
235092
264048
5568
59556
633168
633388
634932
621980
632128
392060
276316
347860
621340
247516
621656
5504
1612
197756
157120
602372
627280
110596
337860
605600
620176
270400
622796
444440
603284
108864
228248
250240
611348
3700
600908
608332
607748
236100
435772
624208
628968
581020
513860
430812
445528
622536
495484
197656
117020
362048
198564
132592
60312
616188
617768
343696
550028
439152
250352
322544
227788
464592
612796
593020
35628
608984
144264
621352
322728
197224
458152
594724
604300
60168
258124
506072
389940
607616
185620
143828
619836
2088
412992
592344
481592
598068
615000
110216
609284
186596
137060
594976
462740
43904
155388
621064
607692
597368
88164
297536
613704
617056
246332
613456
627464
619184
235152
503512
637276
400268
623236
265192
129748
621372
282780
87732
601708
280548
621136
613128
172884
605684
409668
331332
179808
606184
623672
615792
588548
9392
58336
616092
411420
333508
630216
156984
625640
177052
361724
426668
627636
262172
286572
404616
601996
292400
595852
545116
184936
358128
404404
53556
610640
599568
546904
596164
413532
628828
606708
254440
447912
454532
104124
401092
602000
530180
183232
615928
141420
605252
301448
593760
317552
627552
154040
26264
227748
622160
605500
134220
242452
481208
627188
325000
558900
57324
611728
438448
200404
160000
114188
502060
613296
635988
1568
165676
116280
606464
158096
618228
602512
488612
209712
615652
598904
600460
613280
152348
628216
215676
616072
41316
614328
203236
615312
567164
146540
621320
163784
608972
463204
270428
276704
216464
260864
616632
630140
317532
623828
620360
257976
496384
39596
330248
1940
637064
26908
185612
283044
621300
140840
444396
485004
72800
305192
199016
625520
604048
392544
617160
343300
608408
419804
68556
3432
592588
168240
612412
584080
613608
370952
620476
303496
353776
102696
601824
102996
261952
64888
612116
298984
80468
623028
622336
64292
609280
557744
368456
514808
228092
619464
611884
103188
627728
205392
267684
386468
600772
366440
287792
133888
624324
490352
618860
316484
202504
158092
608024
626496
628160
275908
328636
590192
623508
620664
633400
