40132
60416
86652
87956
102344
111056
144484
127560
129120
123048
118552
111692
108892
12324
42708
97604
107908
49876
34912
72932
72500
76840
74012
69460
67144
64280
62684
66148
57292
47368
45484
42920
24612
32356
33612
29348
31664
32976
26684
31080
34712
31348
45640
38928
29720
30896
26268
24704
28292
27864
28452
41764
31972
37164
27124
30780
30088
34516
31844
40116
35076
38116
33100
27464
35480
30228
31052
31908
37736
37672
30492
26060
28880
32560
35136
32380
40968
33752
32508
34436
28368
28976
37924
28952
30592
28108
30212
33824
35356
34284
32660
37596
31536
33604
27736
26076
24084
28048
34428
37396
16456
26568
28632
34724
35584
33916
33180
30232
27116
46820
36280
35760
39848
24988
24168
28852
30480
35068
35040
39712
27624
27740
31516
30836
35068
27988
34924
32888
33044
35324
39028
28644
32072
45012
39180
17576
29860
36604
27992
29680
35444
26852
36620
40536
39180
21484
31808
35188
34432
28048
34132
22116
31368
34896
36664
28100
31960
29056
37164
38044
43796
26568
32452
33328
27140
35372
36544
23360
29840
34704
37652
25052
26276
33420
37752
38204
32532
31908
31712
36980
29872
31780
27756
37720
26028
33808
33512
36204
39656
41424
28944
30236
31600
32908
29276
27192
20976
32908
39404
36212
33128
39908
36760
39900
29404
32288
34416
30012
35028
35032
28120
29320
34760
28828
32464
31704
35068
35860
26648
28352
28752
31456
36164
34260
34504
33740
24700
33104
31148
32852
35016
40464
27068
43428
27740
22852
26204
30728
34244
35212
28188
29880
37772
37692
40568
39128
30664
32300
35368
42216
27484
33200
25132
30812
31524
29528
29604
36764
18684
26412
28356
31064
27900
35024
27804
38816
27700
36244
31312
33632
31364
35048
34128
35916
32264
38708
46036
38104
41072
38624
31540
32608
28672
32536
34244
32396
38212
31636
35600
37544
40008
27768
32968
30644
33764
10712
27080
32208
25936
35472
38060
32524
30748
39892
33036
32624
34384
36132
37480
38840
31540
30504
31104
33896
26528
28064
33252
39448
37848
42928
32512
31004
32556
26828
31044
37604
29284
31056
26540
35608
39812
37564
31660
32804
40808
32700
33716
35088
24508
27096
36196
26356
32640
34404
34296
27868
33792
37140
28624
30764
30504
30048
30176
29528
4676
29568
26968
33904
26316
33852
32736
30508
27304
5448
27272
29860
31376
32240
26500
40164
20756
33208
7408
33212
42520
30844
42052
28332
32068
34016
32912
31592
28784
32580
34096
38932
29112
30164
33844
28656
34592
26792
28652
30792
28676
29556
29920
32536
31216
29908
27916
34008
33988
37744
41840
27796
30364
34428
31208
40844
30344
34780
40212
26212
34388
37540
42052
27712
33708
31572
41492
38624
26396
26028
28060
27828
22628
19812
38924
34044
38620
13224
27440
29792
32508
34280
41280
29700
27156
33208
4684
31120
30840
32760
32396
28964
32256
112
36240
7304
36840
27244
30516
33076
29528
31104
37040
24676
28028
36924
26836
38188
32876
33932
18308
34976
33748
33456
28212
30268
23620
33388
29564
32008
29876
41672
35132
35008
33284
31884
26616
28180
40904
28368
1048
36336
27156
39120
27428
33448
32820
35500
29452
32604
26504
35736
34492
35148
28328
31084
30532
35632
33532
37928
8428
29256
35016
47568
33008
30480
31304
33220
30448
26180
33028
28992
47248
28320
32312
10376
34996
33224
38644
37032
32676
35028
36092
16248
37540
25548
29088
31124
33856
23480
37596
29212
28856
34444
27632
30444
24700
31936
32920
36880
38112
34628
32288
32376
27752
29836
35068
33600
37168
36344
33624
960
29656
32676
15900
33908
38944
38928
27092
30064
33472
32008
37796
27232
32096
36320
29672
31392
33796
24468
27104
26876
27964
28628
59100
40828
43632
42824
36548
34060
31812
32272
4044
33048
36452
37020
31836
29672
32564
29524
27368
36412
35596
39004
40168
12300
31156
26704
28040
33116
38900
30788
31128
37188
25868
30800
31172
30764
34492
34776
39252
32344
36876
32568
4636
29916
32052
30172
31412
37704
40784
38368
31896
33016
33932
33804
28956
31324
34300
29804
30408
31096
30804
32764
41640
38668
38372
34088
32780
34768
11652
32048
32888
32652
29956
33780
35296
26644
33132
32488
26276
38052
29552
26176
28668
31640
31652
9520
27280
7952
36276
28716
35336
34080
41068
33196
30796
34404
36112
30292
25828
25940
18680
30144
32176
37544
37148
39548
26116
34112
14584
39512
29272
35932
33976
30824
28336
32920
31204
32044
29540
32336
35020
27100
30768
34780
32472
32880
30168
36564
27748
32584
25700
31428
30180
30996
27148
33160
32912
28184
28388
31200
40496
37212
31376
30792
38396
32056
36464
29744
36932
35848
39872
31480
31360
25592
28476
32308
33200
33684
31636
29908
25896
19832
34492
31116
35632
35028
29036
24480
33808
34964
39280
28044
34372
35948
31544
40868
37940
25652
29544
27540
27580
29516
33748
39440
45632
28672
39720
27480
34968
29932
19948
36372
39304
26276
28348
29860
31252
37536
38056
31940
3368
28248
27928
30544
31752
24696
23476
26360
33512
28728
40560
38696
39400
38632
4120
34112
36348
40300
39136
37192
36512
34420
26772
20528
31136
33760
39880
32004
34416
29272
37252
26196
26052
30664
32544
29432
28916
34012
25624
31680
10400
29300
27664
30548
42564
34928
33932
30672
35460
29232
28924
32600
27376
29816
34424
36488
28060
25972
31972
32900
28308
25612
34672
32868
35736
36244
31920
41988
28396
1000
32296
35516
39824
32004
26524
26580
37736
37996
36376
25320
30692
31368
24364
31952
24404
31168
32428
38852
31752
15872
35612
24388
34328
32828
33544
35648
36560
25840
32364
34484
32056
33672
29776
29784
3716
33352
29232
28416
37460
33724
33836
38100
39040
32360
27884
29580
35712
34492
36760
32100
34664
33052
35308
34764
27860
28600
34792
33224
37356
42408
31344
34248
28120
32324
27572
25088
30348
26228
31336
24004
37780
28564
31560
44920
39496
32432
30748
31684
31756
33744
42788
32484
20044
9756
33772
37392
29628
2568
30156
33504
35492
34340
24064
30180
32592
28360
33888
32264
27536
28100
33256
36136
38124
28632
32872
38108
39872
42588
45536
40364
40748
35876
30052
34684
33996
39460
28216
41560
32280
32328
5052
30360
34820
29948
30688
31852
31724
32420
27440
34424
34384
30492
28716
52228
37380
41016
37544
33724
34192
35080
24076
34168
41728
33292
36472
36576
27464
28400
31484
48776
34808
37912
35680
28724
28912
30168
37460
31784
31468
34104
30492
27476
31228
28424
31324
34728
26540
34576
25004
27460
38168
26184
35036
38032
40164
35852
37472
38948
25932
28172
26212
29332
31960
34048
30412
31120
35484
36844
25328
27764
31368
36772
39008
33648
31684
30368
28832
31692
26324
30264
36292
29436
32940
34796
40680
38076
25672
33476
33400
34400
36820
38556
40112
29264
27700
35768
8864
26888
29932
32380
33096
39564
38348
34636
34460
27452
32196
35708
33212
32948
38152
27716
31108
26476
39156
39648
29268
30392
31108
28132
28568
30604
32392
26608
36808
32256
39000
41864
28316
34960
33840
29876
30428
28868
29156
34448
28084
27460
33328
23024
35544
12024
28316
37616
27452
32432
36620
38036
37496
29348
28036
32028
33348
25584
35032
38508
28528
32908
29024
45492
37528
33828
32768
33096
35540
30988
24956
1472
31392
30952
24992
31380
35956
33832
37292
26488
28268
33908
30204
35652
28968
34252
37284
32572
30880
35640
27772
40120
29260
30496
36956
28704
32264
34668
34216
35492
29956
33788
35748
35852
36696
31072
32536
30824
36860
28672
1316
25308
30184
33200
34456
30808
35332
19788
28196
28552
34564
30756
24140
19340
38112
35048
36084
5540
27740
31608
26984
32696
31092
29076
36360
31480
38448
32424
33568
39564
30496
32936
13572
30492
26828
37496
30076
23772
33836
38720
26952
22932
27740
32908
35520
7556
27176
28364
33208
37052
26420
34212
27124
30560
25000
27400
30200
35040
34840
36968
35892
29872
35332
39028
20212
34252
27736
32316
26668
32152
37468
28960
25304
38360
3664
31416
26896
33444
32932
32476
25516
33144
24692
35072
28956
36420
8208
28608
34084
34320
35572
41080
35100
37696
37176
27908
31984
32952
26996
34108
46484
40244
26780
26448
32888
33396
38616
24228
34820
31920
24792
28668
25816
27644
28668
29756
30752
21364
39672
1320
30088
37164
37748
32580
29680
29520
30164
38960
27844
25756
30964
33512
34292
37428
31372
36576
31944
30260
32800
34396
30152
19072
40064
28804
28024
26784
32264
32404
29860
26420
25352
30648
33524
28904
30596
33316
34080
36628
35460
35172
34116
33288
33808
34556
32608
15292
29904
28952
35044
36648
35564
38080
28592
33232
5756
25164
31968
35996
26588
30748
33540
24740
29572
38068
31072
32012
35944
35056
32916
26808
23664
31804
25048
37680
29556
34536
24408
24804
38944
28552
35344
32912
37072
39580
41272
30744
38296
34008
24744
33348
41128
28484
31700
38064
36648
27724
32720
30468
30272
816
27388
28972
30296
33816
35812
16496
32660
33176
38500
28488
37300
34880
33884
34812
25304
29436
21948
31980
29568
36916
29808
28048
31344
35764
38480
39592
25848
32700
34568
11984
33052
34352
29700
33796
28056
31092
30320
29044
54988
38612
34300
35772
32740
34112
36932
35968
26392
29812
32204
33904
35300
35036
25928
30056
34608
38356
39756
36448
30564
30636
28616
31164
29212
32240
34208
27248
9428
30484
36360
42544
30740
28940
34160
35820
37840
30508
30344
34544
32220
31676
38684
29304
29200
28592
34076
33884
40976
29384
33276
29076
30132
32336
33792
30608
32620
29944
34148
34540
31416
33980
32672
36052
28056
33344
31480
31868
35552
35368
34848
36084
30696
31620
27112
29964
30732
17644
30352
31916
24416
29576
33188
25892
28572
29444
30276
32444
25292
23804
30148
34180
36840
36856
18632
38396
32272
32132
26492
32596
28340
35176
39520
24488
31400
32016
33796
38692
24700
33508
34512
20632
37512
33408
30196
13212
27396
28508
25024
36636
39596
34128
29840
32212
34548
30140
35428
33624
32296
27972
35716
35384
32756
23252
33828
25056
31600
25516
34240
36872
32872
32276
32012
29328
29844
24492
30828
35636
30448
30792
31896
31340
20172
39272
37192
40248
34896
27836
30280
32228
27632
14992
24600
28636
32000
37472
28636
37720
30764
27148
39296
31268
35940
34064
34132
32268
24672
28112
31832
37216
33280
37168
29048
31080
35384
30620
35736
26864
30056
25552
35376
28524
27716
34464
37200
37956
27956
25932
28380
35332
6188
26508
28972
29876
36600
36852
38632
35948
39840
27416
31644
33428
34128
34784
33520
7348
28360
29332
28564
31712
34800
26760
32544
33540
35496
37400
27576
23476
32604
38036
35852
28644
24724
30988
31680
34380
28492
30260
38596
39280
33116
36200
30440
31336
27116
27760
29432
27808
36956
32388
33616
33824
24296
40332
26680
30076
36184
32316
31136
4000
37884
27232
39952
32296
36264
34940
9484
39884
29164
996
35156
34136
39396
34484
31704
31556
31800
27780
32984
36032
38084
12556
26788
36916
38920
24124
31060
25776
34184
33472
30200
34432
29872
31620
35680
38376
31464
31900
34948
32760
31320
31364
31656
35672
29672
30500
29352
36204
33568
35964
35000
40452
38748
32620
37400
29136
26604
35320
33840
27420
34772
29524
32648
31480
40156
38612
30476
37040
33512
40076
33992
27132
32040
11980
33496
30588
27112
30852
42160
45052
32544
14648
29420
32088
33568
36064
31664
26824
16500
36160
39288
26260
28964
33248
38592
31176
34628
29904
29136
27800
31736
34732
33024
38324
25752
32228
28640
32308
31384
29860
38188
35256
28808
30912
34380
32672
36256
39212
32216
35000
39904
42156
49712
28068
21276
31992
28240
30996
33984
25824
30220
31368
31660
17392
53604
25592
36112
36160
28976
38964
29380
26504
35956
38392
13240
28308
37604
26704
33344
33792
33836
28256
25776
29080
30240
38152
30276
30756
27844
32976
13236
34124
33008
34124
35712
40348
27224
27508
25764
32016
31460
37412
31700
29324
31196
29332
33148
23996
36100
34352
31940
35028
29844
40620
28400
36252
33856
25588
31064
20488
40804
31380
34112
37144
32296
34328
33136
31768
32392
12868
25592
39132
28792
25672
28644
26612
33732
14696
2596
39864
35504
37752
34180
32272
32884
35104
28320
36896
36592
29756
33888
32956
19492
29132
32340
33644
39744
39048
29876
27376
25948
34164
28572
12336
35524
36796
38656
39720
27920
29716
31688
28652
19528
29928
41832
38848
38008
26088
24148
32576
35956
44848
23696
27432
30688
32768
28728
33876
28580
35988
37776
28332
16268
29376
36820
30804
34296
33104
30188
37204
30040
26904
30244
30392
25752
32072
28644
29880
41260
34212
30280
32928
28780
34208
35332
31660
32416
35536
25948
30156
36364
28516
32756
27128
33120
32356
40248
27764
34112
34256
28376
34208
19204
31528
28984
30724
37372
35704
2552
34728
33396
34588
31832
31440
396
31052
35624
2508
31048
40056
32164
40692
25428
33524
36516
19012
25452
32976
31980
29400
29008
25420
31696
32868
27412
29540
26024
15616
34856
732
32604
38680
31048
26648
35320
2644
38956
26828
32016
25972
37032
35868
37068
30176
25516
33248
22516
33256
29880
34236
25760
30892
25492
35572
38924
32888
32884
32956
34712
30600
38952
36824
25592
20460
26596
31540
35968
35316
37220
34364
36312
37700
35560
26232
28032
35968
34220
30164
30160
33160
39492
39472
31360
26196
29948
33764
33508
27304
30996
35016
38328
40392
38652
35720
29796
30316
29872
39204
27024
37144
28908
33740
33844
36884
36208
32604
33324
26516
23324
31444
34176
29868
33616
33392
34260
33804
29456
29444
29304
38064
28696
30964
32964
28056
30168
33616
27264
32104
39168
32324
34112
26236
28248
32452
21380
37964
36240
35976
1332
33164
26012
29900
31132
37872
38604
33096
32608
36548
26568
29236
25948
26232
36432
35456
14648
34496
29804
26708
26856
30472
31708
28292
30340
31896
32560
29740
31736
33012
40804
40096
31468
36872
29576
32560
28840
32076
31364
31544
38364
39596
7564
32908
27624
33528
26728
28272
32732
25144
27244
33088
29152
33080
31640
30496
32160
19324
37516
27740
30892
33536
30528
37528
1292
20732
40404
39944
37480
36404
6236
39100
34220
34192
35320
32356
36172
36740
39280
28632
39248
31952
29576
33964
27916
36448
4616
29092
34048
25344
24948
28060
32852
32876
35548
28408
31252
47428
22888
29336
44148
38460
36744
36840
39628
34092
25016
29168
33028
28528
34168
29880
24704
35972
41976
27396
37676
36020
32692
35028
19284
37412
31360
32504
32552
35424
39396
27388
32748
33516
35216
26600
17904
29288
31364
31972
4212
26160
32848
29488
25576
31860
28348
6756
24376
27752
25560
36940
25800
36976
33644
36844
40180
27696
32984
31708
33352
28068
33632
25596
35508
28184
33808
26872
33364
33176
44268
38704
28432
31420
29592
30508
29508
24076
30964
38680
38984
10668
32384
29868
34432
24816
31680
32324
33608
30152
34928
37884
17608
32288
32776
33472
26252
26856
30044
35704
24492
31836
32604
27504
30516
39824
38692
27892
28372
32216
39328
36388
35616
31032
26068
34352
25004
31692
34676
39332
25340
32340
24536
37956
37336
26572
32032
29284
24976
33728
32628
34124
38192
26368
35460
29392
30536
39296
27748
42228
39296
25560
28840
27120
34080
32480
34532
36484
33200
25872
29360
32924
25932
29984
35928
30752
38996
33700
33308
31712
36192
33420
32684
25920
38016
38500
33056
29488
29884
36156
36864
25956
39768
29568
37088
37616
29612
26936
29716
29172
27444
30484
35144
36744
13648
37920
4448
29236
30272
27408
31996
33044
33844
12920
32620
39600
35400
25820
29424
34404
40380
13912
31856
25700
32004
2500
37476
28804
32448
36536
36940
33048
32844
34160
26524
34156
33252
21068
26832
33888
29108
32776
29580
39812
25040
812
37528
35984
38804
33816
35796
33176
35396
29516
32564
37188
42148
24096
32884
39968
35728
25552
39596
30976
34084
33964
40500
40024
21124
32892
37228
42020
27936
29744
32736
31388
25788
34448
25624
23996
34628
26216
34676
37140
32916
32912
25020
33520
32024
36636
26268
29840
34908
29008
35772
34148
33912
27016
43132
30984
30456
33532
26856
30628
29252
32256
35580
36568
35300
29148
35000
33808
24244
23024
29096
35704
38096
26852
33124
11284
31104
28464
30028
34200
28892
36244
35136
31812
25968
32988
32548
37980
34948
35660
34580
25384
32924
35012
24556
29828
27240
33264
34732
28720
37308
35968
35052
32600
30804
32024
29892
25796
33080
32108
36028
31244
26292
38088
39620
30076
33652
23924
32700
17792
32608
37508
37904
34908
32308
34496
31068
29600
29364
35628
27056
33448
33604
31672
27648
28028
31044
36056
26220
28832
24900
30764
36012
24732
27376
15464
27020
32948
38824
28144
32940
31984
37180
40988
35488
31144
31824
33052
35344
31380
30496
39512
32480
29880
32392
34164
33620
33608
37780
28380
35756
35620
38960
35388
31184
31204
33092
38396
33632
37232
28696
28500
30512
30228
30780
33088
34768
37920
33408
35132
34768
28640
31664
23180
33176
23432
30024
30692
33192
40816
41220
38976
32348
25728
27740
27676
29240
36972
28896
37164
27808
39340
30216
31980
54220
38668
27148
35052
36548
30748
38488
31048
34680
32204
35040
26892
38180
41276
24720
35032
32792
28700
32628
23124
26508
38608
39528
44748
30476
37140
28472
31388
31848
25316
34316
39020
29944
31828
36596
37500
37916
32616
31092
30176
40128
32936
34904
40332
30492
27748
33856
39280
38572
39816
27840
32476
26004
27960
38792
39192
35312
28640
26064
34924
33740
29980
29892
27448
29292
35708
30360
2960
37196
24012
37136
33184
35256
26280
30148
35064
33868
38416
27788
24540
28984
30176
30208
29076
33744
25232
28852
26204
30176
27608
32072
25624
28596
31688
31492
30468
32864
26688
33268
28168
29648
28656
30084
42304
35888
35668
39072
28736
34124
28328
27684
30232
12804
34060
25596
30516
37008
35360
37568
34968
22704
35020
37772
29112
33428
26528
29668
27640
34604
34696
37508
26828
27048
28388
37476
32028
29512
32612
31728
5332
30828
32284
29576
39824
31636
29144
24184
29352
33904
26804
27024
33292
33512
34608
34716
34828
34780
34352
30288
21956
31416
32012
40704
26272
25856
25176
30860
34052
28904
6516
28248
33552
29048
32572
25480
38088
35768
38428
41436
25640
35488
33352
31996
36284
34016
34068
29284
36580
40700
24688
28408
33540
28532
33548
31336
34120
26520
39004
29988
34632
32868
47876
35020
38548
28356
36704
39336
3760
31312
29864
29976
31648
27884
35648
2588
31708
31572
31444
28092
31788
31096
38076
36300
1592
32608
40604
27472
27152
30756
35324
31856
32172
25600
28824
32088
35884
34792
30592
28788
34032
34756
38076
27128
31352
29196
8816
25876
32000
33488
38588
27152
30404
31412
30776
34108
35948
39432
22828
36548
23472
32352
32320
30792
39744
28728
29100
35360
23148
33336
30760
31992
29648
32616
29796
40792
38920
35120
35680
34700
32208
31004
24548
20980
35056
31408
34124
30756
27632
31912
31696
35952
34512
29240
33632
32612
32960
31120
16152
25316
33924
28648
34440
33872
39720
34612
33452
32900
34200
29152
28628
28688
26844
39248
26192
33848
32900
34440
27564
34392
34504
26952
25012
25808
30900
36004
37504
32548
34752
25920
27112
26460
35308
31976
8544
32876
25948
39236
37812
35744
27420
32528
32048
37880
26860
36248
28756
25016
33780
31488
31864
31096
31956
31608
38016
31936
31932
34132
26216
28752
31380
33232
10408
26828
38304
27096
40484
28748
33568
30800
31088
30880
35368
37036
31028
28364
28036
28740
33312
31088
39800
30284
35892
24544
28060
32012
24172
28744
33804
36900
30260
29432
39812
29604
31060
34448
28324
31096
28956
34676
35376
33108
35316
28760
39784
35380
37136
37092
32020
29252
33672
29240
30536
37172
26316
7344
31996
32152
33308
31428
28604
26928
38720
29736
33944
34840
28660
30156
33252
29316
31420
35120
37724
28604
32940
34784
25628
31040
26336
35168
25700
33512
34136
39016
26788
29916
30820
31296
28684
27772
8668
32592
33540
26532
26344
37824
38752
25248
22608
30812
33768
34232
31840
34044
37540
28196
30088
31056
32596
416
33164
36260
27960
36692
39596
41312
33460
30216
34004
30232
35036
25724
28032
35052
25288
32724
32444
31696
13784
32896
39784
24444
31080
30476
25328
27004
31516
31368
30080
39244
33564
31996
36256
40332
26608
32920
28532
27132
26160
31676
25084
64
32544
30996
36096
24552
21576
36072
25888
35028
32664
32632
34176
33492
31688
35780
30752
26360
23024
35392
30204
26260
31172
34400
23440
26312
34452
40736
41332
36988
37216
34168
27128
29660
31028
32768
27760
26928
35308
32700
33884
38800
2252
35224
33084
33840
31012
32852
34104
26540
28348
32104
38636
760
30876
34532
32556
32312
36928
37780
39612
33332
40472
26972
32648
34628
39972
31096
34344
33632
28304
33576
28352
30168
27148
33728
35980
28080
33184
27460
30288
25312
21972
33144
36840
31276
33440
3888
34800
25940
36012
29356
30024
31692
30400
33928
36392
34004
25332
31668
31960
38968
31064
26260
27172
35768
33788
35704
26472
33952
34716
13476
32576
36152
27704
29252
33776
35948
33704
34040
27372
29240
33360
28700
33056
35916
26788
25632
31440
40656
39108
30840
32016
33024
30856
34292
31496
34816
34836
32292
37480
31756
29452
33368
40148
38976
30992
28732
29600
27080
27664
27760
34148
39584
37488
35464
36560
26936
28856
32080
27540
28484
34268
34616
36140
33048
33304
33740
36136
28660
7388
32924
34440
30308
29324
35928
28788
31664
32200
37136
39684
27140
31772
29356
28348
34880
31608
36016
23544
35592
33304
32908
36904
39552
33324
31820
32868
34692
30988
33468
29560
31904
26524
26344
32584
33624
39940
39132
31740
33396
25332
30844
36536
30252
34608
33356
27448
25272
26196
33656
26060
31756
35472
36604
27180
31692
36268
40780
27780
37576
28900
26224
39916
40304
28464
24980
28468
25940
25464
25392
34360
35028
32880
37252
38696
38980
28380
30916
30696
31088
24528
27176
35600
31644
29716
33244
34828
27700
27896
27732
32848
34376
13416
21116
16496
28640
3916
25676
35696
31132
31176
34424
32316
24980
30808
36328
26844
32924
33988
31812
29560
37436
28324
28320
31016
33900
37548
28564
32656
21092
35952
27900
33808
29556
29580
35608
33804
35612
33868
35980
21364
35464
35524
30608
34456
11520
29936
30320
32328
33848
33932
32984
30784
27080
34480
37544
25232
29888
31168
35936
27504
26952
32616
31364
14644
26528
38368
37756
26420
59252
32504
37684
40844
34932
33500
36256
39628
38484
30212
39220
31528
38772
28584
36596
36464
26892
34772
34108
31944
30528
30108
37304
34708
34740
40204
35644
24692
37304
23816
30188
35032
26836
35040
39572
26540
27004
34748
30328
29244
33948
45684
35740
40348
29012
35092
32448
27968
27108
33840
26516
10948
29276
28080
35068
33392
33964
25640
27908
35072
35948
36272
28964
35924
28772
32316
38704
31600
31572
37324
36204
24392
28228
31080
31008
32584
38804
38032
36472
36520
34060
38096
26496
26892
34264
34396
32100
33648
28956
37780
25336
27404
37776
39680
38964
31304
36532
36264
33476
27140
24160
32228
28984
34972
32384
34640
28152
29236
30828
27444
23016
28108
28576
28772
35860
37508
27912
32880
29916
38104
38132
30664
32676
36808
32096
40500
30716
34420
31296
38668
31704
35020
15884
27616
25908
31348
33060
33492
29300
26528
44324
30820
34756
35460
39528
29060
26912
32624
30772
31864
24764
27644
11944
36120
25804
28708
29484
31812
33836
27056
32924
32028
31764
31652
32612
39596
31684
34652
37816
30824
36132
36864
28424
42044
27392
30488
38048
39008
26556
32172
30384
32580
30872
33892
31408
28172
34288
39920
27084
33040
41444
31128
30652
30704
36536
36080
30160
31820
27356
30008
34424
37556
27932
32132
33836
36844
35816
34024
31376
26176
30176
26240
44872
30492
33196
36004
39288
29784
27124
33908
21308
31580
31444
34544
38880
30224
31448
33516
34124
34136
35048
31716
10428
30412
32336
32036
40228
38208
36292
38632
38544
33040
33096
28928
36056
27296
35992
32476
31356
34812
35492
37832
29508
31532
36824
41816
28972
34268
38276
30252
29364
36480
28824
34592
35964
33688
34112
29424
25620
28044
34892
26060
25584
35464
38356
38492
39504
40220
29404
37388
31748
24952
24724
25624
31648
38432
27424
34392
33800
33360
42688
31804
31564
31712
33252
35484
28364
32312
2808
37168
31292
31196
30548
37496
26164
26448
32236
25868
33444
37372
31784
20152
34780
30324
35068
34416
45116
38864
33804
35744
3372
34344
30832
26268
34976
39768
35704
34384
34440
39860
29600
31544
27812
35020
22940
30232
39852
28596
30644
32576
25672
34516
40496
9488
35220
2508
27832
31132
23244
30908
25604
38504
26932
25072
34336
33468
33240
37328
33696
26888
30140
23320
27128
34096
28316
32464
34204
42060
41044
31364
32136
28132
34836
23948
31276
34584
37432
27588
41400
38428
37120
36224
33452
29820
33012
30288
35164
36764
34124
36228
26508
30480
34472
39108
30452
31880
29356
36452
33948
36788
27396
28548
34108
38092
30280
22404
34016
37644
38500
26564
29944
30184
34652
31760
34088
35996
40240
25460
34768
33816
33176
38904
28444
26512
30724
29240
34148
39104
38744
32576
32236
2256
29676
30492
39972
16832
31968
27776
34136
24596
26344
34820
37204
28932
29184
28268
30764
39832
36180
35276
19200
33404
28244
37084
27504
37436
34044
33744
38192
34848
34412
31996
30896
27948
23192
35392
36356
34776
40456
38768
38960
30136
27896
30772
28064
32140
29872
35032
26840
31388
39528
33720
36444
38840
41832
25288
27176
240
31708
37928
32500
28904
30408
38540
32004
38780
25956
27408
30092
28300
28388
29284
25772
28560
32564
36436
38644
24448
31060
34916
28032
26644
32528
13784
22900
29028
28960
38628
37812
24152
32396
31492
34028
34248
33968
35028
27124
35668
32284
35356
1000
34160
35320
26064
28964
32024
33408
32296
27780
31032
26540
1024
38824
26200
10716
39580
29236
32588
33684
31188
32892
30452
31408
30192
40088
39840
32332
32256
34148
38644
23808
30168
28356
34724
28332
35356
28712
26060
31328
35248
33452
33508
30188
38592
26436
23948
31760
38668
27764
23576
26584
33960
32024
38380
41532
41488
36716
34348
27072
30728
34284
25772
28844
39552
31772
35520
37472
34896
33740
32296
39648
15060
33052
37872
25016
30908
29208
32904
40744
28004
30732
31020
34496
36220
34116
33808
36260
25924
35052
40096
29088
9176
34128
40516
27596
34396
26512
32472
32124
28032
34664
42172
39552
29248
39128
25956
35304
33544
27028
30436
34176
30132
31668
37484
29572
30788
28988
34444
34828
31680
35464
32628
28800
32640
41824
27380
29028
35340
27256
28668
34552
36100
35528
34004
31380
31388
27960
11732
30656
38112
39200
32276
40168
28040
33948
34280
28076
31556
33000
29092
28968
32140
34096
41136
28568
37776
33468
31588
34956
35416
33864
39024
12484
35544
38664
30108
29180
35264
31372
33200
31064
33804
37256
21968
34276
28652
32116
32332
39524
29576
33804
27128
31840
28928
30712
31080
31608
26288
28308
33596
26956
29292
27428
28956
27260
27440
40208
27980
24660
30248
33036
31376
26944
39060
34932
29272
38852
26192
34020
31720
37132
25988
27696
30804
32156
31272
24088
36676
33340
33128
20544
34428
35116
40668
28748
26488
27432
29524
28668
33848
32660
27644
36112
32632
26828
37204
26744
38168
19784
31332
33828
38976
27764
30020
33596
35320
34236
31996
15788
34988
15592
32204
34448
39860
27476
29992
31568
38988
38408
32308
27096
39316
32088
26940
27688
36184
23240
28956
39576
26412
26804
31192
17404
33780
33036
25696
30212
33504
31528
39628
38252
32480
31244
42932
44072
33132
28840
36676
28436
30476
34196
32892
27800
33980
26996
39452
25896
33488
32236
36548
31108
25836
28668
34268
26552
28668
29524
26168
31924
31056
33044
54388
54796
43228
29012
37720
34936
25940
28092
32900
34880
37440
30456
28220
30480
23720
35220
23452
28188
35624
29448
34540
29912
38404
34976
33276
30228
36064
27528
35088
30464
30140
28160
32288
40784
29216
28368
31032
34136
16052
24748
33480
28700
27580
31708
26044
38656
28284
31984
33828
34416
34940
34168
25428
31676
31652
28364
34128
18032
37296
26528
39500
34636
28364
27576
37840
28328
30904
35960
29316
34752
19844
29324
34008
42620
40784
28064
7980
31140
35460
28712
31416
27112
34600
1176
31048
33204
37780
34668
39632
29936
29636
33864
32904
25284
33488
33344
36152
40448
25996
36296
28948
27064
30956
25736
31836
32612
35672
29296
31144
27868
37800
39336
28640
32608
208
22808
30472
29328
31432
36200
30876
34736
35688
29244
39428
37152
38064
32024
30588
30156
32296
31020
32652
34072
36072
37744
27792
38300
35848
30488
28620
33188
11340
37756
28168
25112
32312
33812
39480
20408
30232
33376
34124
36288
35600
27244
26940
38324
29188
31204
29252
32260
34480
28492
25780
33828
30364
32616
22592
36364
29824
35728
34836
38252
28232
38648
35496
33244
32812
33108
25416
31408
26608
31668
30688
36852
37744
34788
35828
26940
28696
28596
30140
36336
28672
7600
29652
36604
33504
26264
39832
25240
30960
34196
28360
32788
28536
39252
33332
32600
40004
38728
35892
31932
31112
27924
33152
24728
34368
25916
33200
23472
32516
34120
17840
32372
36692
34156
38952
26476
25920
30784
38664
38980
23692
29420
15028
34748
41476
37704
36288
24248
23860
37240
10692
40532
36912
25344
34332
24092
33592
31364
34692
33796
23764
7952
13432
39384
30228
31028
27372
28868
32612
28004
35232
33668
9348
40360
36968
37120
32912
32208
34788
27776
31440
34260
32476
37720
36224
24044
25744
28796
30476
31072
25420
33788
37024
39140
25596
32972
39228
38788
30000
14408
37132
23468
37172
29264
26532
26216
28528
33916
44172
39208
34912
32772
30624
35924
27532
24396
27140
31416
1944
33564
40584
27500
28604
28188
29148
16468
35824
25496
29684
29824
34056
30832
39884
26548
5960
36264
36948
10588
29552
28000
30776
33944
3260
32208
39832
36840
29528
24164
33052
32964
32464
25000
29380
32900
31344
37016
38560
42404
39024
32960
39044
30524
30180
34796
28168
31388
35036
38420
29344
33516
36864
28040
30280
36080
32888
45088
33484
32968
24660
30212
33876
34460
24628
36020
31372
31076
39172
27080
29228
31932
24396
29256
28056
35000
35040
28228
31596
38168
31452
40876
27452
28472
29424
2452
31748
36884
39328
38044
32432
26520
30556
38292
29292
29580
26508
27740
26832
35112
34496
31896
29308
30212
33744
19176
39716
32760
10884
33096
31096
35508
28264
32908
29068
33360
39004
34364
26112
28388
34252
32292
29504
26364
27156
34020
31760
38852
39144
25028
30160
34128
27380
29936
31696
24724
35424
29304
33780
35316
23240
39648
35072
36120
29852
39416
38796
31020
32520
39976
34104
34248
34712
27480
26512
29828
36588
39300
36900
33844
42580
28980
28368
27844
37884
34844
2100
30964
32288
28352
29172
34492
33540
29856
33980
27748
34248
39516
38104
27428
33128
35944
30412
31584
27076
35904
29308
31096
36400
36832
25288
35020
31472
24260
37812
34000
10120
25284
26000
31700
26132
28928
32392
34044
31700
31136
23724
33600
33792
30564
30848
30640
26728
28032
33396
27608
33516
35188
26252
39384
24712
37012
35040
28952
12628
29956
29836
30188
35956
31388
27748
24668
33816
33032
36188
29712
31144
26188
27528
33840
31068
30764
39732
27752
30964
39120
27268
27812
30716
29380
34412
33996
26588
5292
33428
31404
36560
38388
27712
36868
31276
29604
36340
28684
29804
24732
30420
34260
35232
2360
39816
35320
35076
28572
33560
31708
28176
38384
25248
30044
31448
29348
35020
38572
35356
38744
34812
35004
28672
26520
21028
34548
7680
26952
29544
30856
30912
34404
42720
36932
35128
25992
29804
31384
25980
28048
25960
41696
38260
30720
34712
28048
30220
33200
26268
29260
30948
35632
31552
33388
38396
38612
24696
33252
36504
36920
37664
31364
33248
27344
28384
29264
41948
33336
34476
28788
31460
8064
33880
32692
16204
20412
28628
40464
32512
31376
34772
38448
41096
24336
27500
7672
27436
39944
32008
32308
36516
26220
28648
29584
29664
33828
31368
24392
38292
35204
27748
31112
32704
34216
22260
33216
29476
22900
29540
27760
31084
6508
30284
40644
37384
27304
31060
30452
24932
35348
35180
31728
28884
34756
42248
32896
31680
17756
28892
28320
39036
31556
34472
33244
35376
24940
27580
31672
35052
36020
27176
29800
32664
30712
23840
26252
5256
27684
28844
33508
34296
36872
25184
35636
34776
35644
27100
30000
31972
39448
32604
28636
34404
33824
32512
31060
30208
25660
29000
33496
33808
34608
36868
38396
25792
32348
26148
39668
33292
34948
34520
26516
36588
39008
504
28380
36560
39592
26848
31544
32720
35408
35028
35300
29744
42524
30772
33236
34484
39100
964
35852
32544
31340
8332
28276
35172
25620
38568
26512
31524
32584
25416
26496
28028
26024
28340
17616
20984
32220
30480
37976
27760
33248
37184
40752
26236
32856
9800
2800
33052
31504
25592
15188
15272
30812
33476
33004
29108
2488
32612
31984
33764
32032
32628
28868
33404
34924
36820
39916
24680
28668
31312
26472
26032
25028
26820
34284
27856
3388
36044
38356
30384
36900
34408
37464
25600
24748
33000
32892
18612
24056
28364
36552
30176
38512
34368
39604
25956
41688
31636
21360
27400
26820
39272
33116
33572
38596
41464
27788
29224
31372
26916
35380
25080
26808
37692
32232
32724
35972
37988
35648
28448
30176
29032
42776
30412
32260
38688
38200
26480
29212
35120
24976
25896
27636
31696
29852
24416
28952
26980
37192
24908
22852
31676
32012
30776
40020
21784
36180
37140
36912
27448
34596
31492
19664
32928
37160
34120
32292
32756
2768
33224
35332
30500
39292
32960
36540
404
41460
26316
28924
29500
32880
39108
32520
33436
31164
28692
35508
36496
25160
29036
3120
31104
30068
32964
35664
25068
29520
1528
28028
28620
32584
6632
33116
30504
32904
34180
19836
28652
11644
29620
28860
36572
29512
28340
32556
34128
34980
35300
28604
33384
28840
31100
30884
31716
31984
36468
36276
38212
27376
33564
33768
33352
34576
35652
33940
35540
25268
29556
34412
32624
41644
31908
32436
31832
27696
15468
23768
29876
28976
35200
37332
32716
33744
36460
30160
34196
30284
35808
32032
34944
36700
33596
32892
30224
38072
37820
33152
26132
34660
36668
35408
30204
39260
27240
35744
43492
29928
28280
28804
33736
10708
34692
32672
36008
33656
36268
26268
34396
34388
38860
32816
26900
32496
31356
27448
28268
29512
24364
39612
23864
31976
34996
38140
32440
32676
35756
29896
29888
28172
29740
27056
31920
32764
35444
38108
38996
28868
32980
31656
37056
29616
29592
38248
26424
28916
38076
24104
25600
38676
33472
32676
27944
32496
27388
34236
32984
30144
40040
38740
27760
31344
36780
34004
27508
29244
26148
21044
28180
30160
36300
41736
27008
29876
32000
31152
34432
25492
34724
28948
33824
39172
39284
10096
34040
39036
29960
32740
33924
27752
23772
4028
23208
34532
30168
26476
38092
36060
39080
33228
35512
25612
31392
33204
38392
25640
34524
32144
36552
28336
36240
27588
28668
27728
38056
27516
28688
33964
30312
37964
34400
27176
31136
36388
24108
29020
29828
27428
36132
38384
26824
30464
33416
30568
30496
32676
26048
28280
32864
36968
33880
25152
30512
37932
33156
33952
28740
34936
32416
35036
35044
28592
26576
27112
34432
33792
35876
25160
30508
24684
31432
31724
33804
33572
33136
29912
27448
31728
32264
10976
25712
30928
26784
25920
31864
28296
41816
33904
20252
33084
25920
32316
30460
31840
28328
28588
24784
31352
35672
25616
30232
34488
9524
30512
31976
30580
23484
29536
28352
32928
39596
25068
30600
29004
38704
28340
32612
29776
36856
39676
26960
37480
38700
37752
3340
31076
39032
40188
25956
33180
20764
25352
30700
33832
29696
32832
27740
30480
38468
32228
38072
38972
28192
31076
26428
25048
31508
33240
27008
31384
31824
27148
25316
32864
36192
37896
38096
34412
31356
32288
35320
38296
37200
33312
28656
30336
8976
25748
31460
36648
33916
37776
30760
30428
30224
28304
34528
38736
22204
34040
31808
28872
31796
18896
32276
25048
23044
31696
39612
34752
33500
35408
31976
39436
27108
32532
29564
30252
31300
34800
27600
25552
14976
37192
36364
21340
37264
30652
35368
28528
32980
30824
30536
39752
27320
31988
36916
39092
29588
28336
31684
28500
31980
28032
25920
33836
28328
29844
31504
36764
34964
24036
31056
32112
30064
32532
35780
33072
32280
35344
11348
39352
30336
32052
28804
24424
15260
30756
26560
27832
31388
11612
34104
41872
28372
27372
40272
22304
30528
28056
30344
28748
31188
28204
33824
42076
9180
35676
35304
38100
35388
24988
30196
26616
10120
30596
26360
28744
29584
36832
36980
39484
31696
32060
34304
31176
25256
38172
25608
6448
30892
35600
35024
34680
35312
39812
27204
33084
29632
32668
34360
24932
30780
33416
37744
30060
32432
37768
37348
26880
30488
39264
34752
8508
25320
21884
33200
43296
29312
35860
34212
32332
35024
28760
26984
27972
32300
33704
31236
26412
26020
32620
33436
38708
34416
27152
32960
28440
33976
31476
39328
26840
27748
43152
28824
344
27448
30764
31200
31496
29652
23588
38468
25640
32624
25284
33768
36656
28572
35320
34704
31680
32372
31020
33236
32132
34424
28612
39620
20732
35920
35200
38608
28320
30472
29732
33124
32372
31356
31944
26308
32796
38136
29052
27184
29384
30644
27132
28036
28540
32480
26136
37092
32628
30588
30824
37704
34404
10184
36856
27108
31508
27508
31932
31344
39596
30856
35236
35404
25052
28668
30304
34444
29268
23344
26152
37364
38392
40800
30256
35660
38860
37852
28964
24696
30180
37152
30224
37148
38688
33808
32572
33068
28776
34052
34688
41160
26828
33652
29276
29884
7636
26832
30488
31460
31088
25292
35884
33484
28592
31052
27256
31364
33236
32228
36096
33236
29808
38080
30684
35024
28260
30524
32088
8832
50188
45516
42456
33124
32996
32832
37468
40600
35336
30060
29688
38720
23844
30476
38292
29744
33232
32292
42576
28508
29720
29660
30932
28596
26896
7988
30496
26484
29300
2496
33404
40984
34516
28080
33468
28596
29612
44036
31408
27784
9916
39688
34292
23788
25588
808
24344
29184
19188
31820
30112
39600
40472
32604
32620
33856
30516
27920
30464
30964
26152
33428
41184
39048
40156
25588
8892
31896
32880
34828
33828
28668
33068
38668
28520
31660
6400
33396
31808
28460
25832
30400
28380
32588
34796
40280
33412
14700
28116
32892
27860
35308
24248
34908
36580
37380
151672
36200
141372
136524
126896
116164
109708
50712
105308
59036
87148
63188
62156
34124
72220
66104
23588
58700
58708
36180
52176
51748
51152
45288
43724
44416
42632
31100
35968
26480
27736
33648
32608
33528
28752
26528
32868
35660
28424
29528
29856
29176
39016
30424
31572
4624
32600
35944
36184
27096
21940
26996
26100
29252
30836
33716
36884
39828
34460
36840
36156
27512
33508
26248
29352
39148
29556
33348
46684
39256
31956
34744
28864
27656
3672
23152
29616
38076
26548
29256
11580
34652
26128
27148
64032
34100
49108
37996
48244
41852
39980
6132
30956
25812
27956
31204
34328
39732
34344
34044
31140
29812
28692
28080
34192
34508
32528
37496
41420
28484
32732
20572
32832
30000
33828
35688
28692
31116
29200
29852
34428
29320
32820
29860
35860
26324
33564
39912
38204
27340
31972
30772
35316
34116
36688
28924
36380
31352
30068
32088
22820
30444
31264
30808
31188
37036
33356
26536
37180
29460
34064
33516
30160
28968
35676
41304
29140
29500
34424
32796
30700
33420
24612
32656
25724
30536
35308
29676
34152
35216
38072
36308
38072
31484
35924
25616
30824
24472
32100
32684
38272
26140
34072
36640
36900
29272
34360
27144
35316
33300
29972
28980
33856
34756
33988
32992
