51424
63604
46376
71760
45600
55780
53956
60972
58912
30548
74940
50088
47444
46408
36644
33540
43936
41568
56360
40304
65264
47284
64564
61284
71760
48712
35076
39360
36188
60164
60376
50412
52480
47636
54044
52704
58336
39036
33636
44248
60604
53264
42212
40484
58792
60440
41928
58400
41496
47236
49944
12016
58776
44732
69352
44204
39344
47208
47232
54300
39008
41848
47904
45132
51532
27760
40912
71548
41884
45044
60068
26732
50600
40412
49888
47956
27176
44168
61796
48520
51680
54232
41488
42836
37596
47760
13180
45488
54084
52256
68556
77848
62364
32912
46824
53076
51780
400
61720
57180
78424
39008
48028
44896
55876
60924
50040
49036
37720
41128
47612
40084
34356
63704
71292
56676
43312
42784
54828
52980
35400
49368
43968
67376
29376
35628
6916
64812
59184
42844
38792
60068
49768
31992
57936
30788
37540
53296
47732
37096
58220
46260
43852
26152
53972
52400
53660
53164
36340
44880
68104
45844
61896
61656
68568
55660
40152
63344
30996
45744
34928
57976
60236
66856
59008
48136
59208
44492
60924
56652
41804
48988
54520
53652
40320
61156
47180
27568
35816
43084
66828
56784
44312
42480
44976
28724
36556
50416
40356
48016
41416
65504
46980
37440
51416
45128
36104
43840
34168
45932
60824
39348
52828
46116
42636
38424
52692
46216
66584
51144
44272
44064
40064
27412
72156
70100
50224
59088
60996
48684
47576
60236
80952
27476
77656
68152
59716
50884
52716
40524
46500
74224
75752
75432
37220
14444
52840
59096
55376
53088
53352
62544
3640
52244
51480
22604
47032
46312
38472
55440
45436
61536
58260
49348
42496
32864
3156
24348
60920
56276
3304
52720
55128
39692
40368
29720
58784
55008
30120
45816
39420
35236
66668
41808
40292
61912
36920
67784
43852
7084
37884
62684
56816
34116
58980
46388
12244
46944
20772
58220
59572
26720
50008
36904
69944
36628
51132
8276
52916
51168
38044
52404
32252
50012
204
48632
27856
41432
43596
64244
40892
45516
35956
50680
47412
23224
43836
53732
28356
50440
41804
51344
45888
54156
58324
72144
59000
27212
71460
31392
51564
49620
50476
59676
60364
47316
20676
56852
52648
49508
74640
44036
67368
49700
43644
41380
51904
39188
42192
50624
52104
35660
42016
53420
32252
51832
55000
23444
36928
59964
36592
27992
49332
25032
57028
27076
55200
42700
57504
31188
50420
28556
59488
38380
67324
51112
41772
56684
48724
30176
47300
62096
65768
62248
49712
24444
35416
46536
44768
37684
23944
58980
37248
20072
62888
43796
19836
61528
51688
86580
40324
27256
24136
36372
53196
47240
58548
50820
33180
49376
61136
31676
49772
76368
49688
53276
71136
42936
29592
56340
59028
52032
64552
56664
38860
43552
38404
66860
41188
49300
72268
55324
53176
48560
41480
34492
57420
57148
22112
47340
62552
31984
31316
65716
69188
57684
38404
42324
44788
45204
50964
66632
21028
42640
27500
56068
65048
44636
39312
58616
42024
42108
43676
29028
35764
32136
43316
61216
43108
28432
50752
51208
32464
74200
42676
61316
30928
47580
60464
22504
66016
47084
32432
36972
49500
58140
32728
48964
60384
53792
57324
51948
51624
57652
79716
66336
12248
18488
57540
64460
47492
55980
26452
50480
33812
40196
41472
50252
71800
56476
40460
54968
42500
52868
45048
61128
65308
46008
56012
27432
49036
48608
60908
55336
38856
60252
60184
49092
41328
31412
39592
52564
37112
51224
39900
58292
48408
34524
28324
55656
49676
47808
29004
37788
42900
33168
54572
50236
34000
59864
63300
36636
40108
40764
55988
58596
2296
63372
67764
46056
47196
61768
55904
56520
36140
35432
63800
50980
40624
40960
39312
37240
37856
52664
70336
71588
25756
28612
35328
40360
27904
54576
32956
65988
45328
42504
43068
36300
35496
22712
47968
39012
41836
26256
44240
68656
53200
52680
40820
43380
56124
37980
37852
39696
69048
33880
53296
47540
47440
69508
38372
67764
41380
48452
50068
26772
29324
61316
63040
26936
56936
54492
53228
40100
38692
47620
64568
32832
56028
44472
41608
54884
57416
58600
61580
45268
61992
50428
49916
53748
37876
65788
46236
53044
48208
53636
61368
62040
69252
40404
71736
45436
39328
77896
56024
43236
50844
36428
67628
32420
49644
24416
47452
32096
38384
33356
15492
58144
37592
57596
36548
44724
45292
45388
51668
64332
41852
63940
62504
38928
27604
40084
41740
44640
70644
50620
39984
50224
84456
48260
53904
57536
74764
35976
49316
60360
53368
52212
36196
46152
59808
60884
39672
55452
25656
42488
51876
65356
72280
49876
56880
55416
41792
39908
35144
67356
47120
56048
54232
63064
49672
51296
44828
39300
52784
6376
35284
40640
63716
52100
41600
59088
28856
41264
28912
52840
40516
47888
57204
54224
29856
32700
38876
12452
54816
47220
49352
47240
41164
71000
75452
50980
50412
30072
58032
66192
42112
56524
54988
61740
54124
50956
61828
46752
74248
50764
56052
40188
40676
26496
43180
64836
51072
61564
44772
54780
60316
51888
50904
60164
57536
46612
20212
42364
38236
31180
53444
51628
79832
34840
59440
44460
43568
47068
40192
41720
54572
35432
38192
48640
41168
55980
57124
34276
39672
54508
45492
50988
39268
49824
60076
69028
44764
35492
8472
48732
35500
68988
28296
38452
49500
42448
51744
21624
29560
18652
48948
26596
29380
48080
48220
37096
40872
62140
58480
60948
53644
45940
35308
63700
44440
59424
36152
38336
31768
56628
36516
42352
61508
52792
29944
37488
45704
62076
46264
30728
48792
57224
37716
44456
43180
47624
55684
39760
56976
40636
53932
48980
45488
60176
54828
55016
65056
26900
50548
39152
57488
48616
55736
54204
33556
69172
22840
58452
56656
60696
36904
34012
35856
54992
39680
46072
60204
67688
62592
45964
46176
44184
43328
49672
62228
50776
62472
69840
47144
51520
47856
10888
31936
40764
48488
50980
20688
44960
33720
34620
65716
34280
24544
51976
58548
46440
40652
55876
52476
46700
52192
33832
51808
34696
35500
39532
36168
20808
52100
2212
39308
22128
56816
51996
57616
43936
38240
56556
40392
77160
41764
68784
47504
45076
43596
41544
47236
27804
56276
43132
30116
55344
39032
42412
59692
45372
44636
51696
60444
57776
38428
57188
40088
44152
60616
80100
51024
40064
30448
47288
44556
47328
41956
14412
46016
61168
56472
48048
43700
53956
29924
42088
39304
53872
58276
44504
39064
40464
176
47324
30088
28032
26144
55920
46572
53872
32176
50672
63048
43064
44868
47000
38708
49176
56252
46864
60284
45960
29088
34320
29680
43084
47136
26392
43228
62708
59596
49024
42036
41404
61556
53956
42048
27488
49248
43808
45280
42304
30152
37260
52412
48140
15372
36476
38912
36460
38168
57256
62112
54348
1736
35892
59012
55476
41716
20280
35520
54004
37864
40276
64028
51752
58152
39988
43992
75096
70992
59244
28828
46468
53416
39568
35348
37816
39676
52180
61128
45076
37512
48544
30280
74372
28384
78932
63516
78188
54360
35308
35932
55976
38252
44064
64744
44200
37284
42064
81348
44212
39548
32288
58184
26896
40408
32076
39728
79508
52868
60560
42596
38088
64160
33244
29644
47436
49372
6068
32404
53960
54344
54056
39396
52120
48652
60040
39416
28636
2188
38980
35352
47032
29232
67412
48804
53612
38076
41504
30048
35572
35336
35728
39920
78052
62776
61980
43528
46232
46236
45900
52160
52452
42092
22356
48992
65028
50264
55896
49388
24952
29184
56580
23492
66508
40908
52920
45680
50896
69216
45348
43880
39168
59312
63120
55356
12936
26912
85556
56812
42476
44440
61448
53640
27508
38020
21616
34128
49908
47216
29804
55932
34204
50924
73076
57284
30432
46492
51996
38544
56028
55460
23748
52688
60944
41184
43532
56652
32120
42616
48968
47476
64616
73440
44540
46852
45764
38132
51548
46536
21724
48524
44860
57828
26344
42520
45684
42152
37356
47564
68668
43292
56208
45060
61372
57272
71616
68832
57456
60336
50700
44160
50072
35272
29784
48024
39920
59088
55896
39832
36024
48648
63104
31424
39024
49080
60000
49856
44148
41432
15868
59616
59780
48216
39276
38148
59488
79340
58524
43920
27588
62568
38864
49328
48172
39832
64816
48252
28168
46372
22972
35404
38412
55300
32716
49752
56616
46756
55960
54492
54596
74500
57072
48600
27552
51988
60604
40688
50176
66924
38592
49280
43588
56000
40696
41220
24240
45804
46368
52384
50572
35008
44804
51712
39592
30228
56888
9868
73832
33436
57064
70052
50688
58800
36996
78604
62172
32936
76560
26928
35848
38368
25276
61956
39236
63944
26124
37764
23324
41448
47188
42644
52752
49768
46776
48964
46144
41992
34152
44340
66336
40892
50424
48676
54744
38144
42948
46808
47248
69424
21468
23672
54360
38108
34576
64060
48004
40440
54528
60692
50724
1380
46744
59836
35852
39136
60324
45972
66668
45404
58596
52060
50132
41736
34808
53936
43192
36564
30812
45436
46980
49696
46948
68296
48648
63548
49428
54460
52016
36284
56668
55192
67556
45604
54496
81388
39004
69068
28136
58720
43344
35396
67980
46700
43724
29920
47040
23644
35248
55204
63604
53688
57880
58820
24832
36300
11008
67908
40988
64252
60384
49748
32268
45628
67680
47736
45272
39880
72528
57808
48488
40504
53300
60644
33436
41276
59452
53640
36248
53324
58660
39260
49760
45680
47404
57452
41460
43104
36008
64572
48444
38364
55324
45928
34564
24900
41308
52124
48088
57868
41236
39240
48140
52708
37168
54672
56660
61964
27128
51804
52868
44764
37512
41676
44060
63952
59440
48036
54280
45156
50480
61976
48712
26356
48208
50740
40796
33036
28152
52556
65864
47148
25744
27460
61840
47520
42832
62492
34828
66932
34660
25952
41564
23848
51168
53576
13436
48608
35192
66680
43624
55708
48208
20168
46552
38592
52140
41816
42964
46604
26532
41764
58780
52268
31244
49232
63252
59036
60468
36124
62040
58508
47888
53212
28580
54276
50816
25960
41464
40088
56316
49024
53344
58956
26496
58612
55200
45088
46400
53712
56968
45240
21020
67532
48404
56748
55720
53052
59596
43564
44232
38944
42948
45744
39692
51780
41848
48796
64064
56992
58884
35688
71552
49184
24336
46740
35112
39424
46916
34640
54240
56292
44228
28956
62712
53704
39784
53048
70936
58960
53928
56980
37692
9300
63992
46204
49360
1144
33488
49328
1296
33476
62016
43244
54780
47092
43904
51216
38832
63332
32148
60676
46696
74920
57268
62220
59748
65176
52828
30060
43440
23800
70452
61464
33808
65872
67800
60256
70916
25316
48788
42436
48964
59624
51832
25532
58632
42576
54264
57396
37516
54884
35724
44076
24420
42368
57684
64216
52100
27156
42752
51108
47764
5948
34684
8992
25072
46784
38976
26000
52192
53908
32524
68296
67176
43284
31772
42872
61256
61176
43220
10088
32160
45772
49396
61872
46072
63168
51600
32560
44676
43492
56960
52512
66852
68760
73592
40396
46352
28016
43216
47044
47016
8116
55428
37128
42548
34556
51988
45580
54372
38564
44752
56184
36392
42656
24068
53964
67980
35912
69708
35548
27972
59788
61728
53848
56376
61708
49976
50508
29668
59732
67524
41864
71520
44024
46900
56304
52068
51808
54172
64888
27628
55908
50636
48008
42716
34948
41960
70824
59396
40384
55100
33640
59732
58328
33504
55452
67900
38868
65824
45152
36880
35356
30956
46496
39280
32744
29012
45860
36948
58428
46424
27216
38728
42636
43628
46848
47748
44328
33116
47676
70352
55840
53040
50680
60876
58348
33516
36696
47212
42028
29860
20948
56572
24264
40040
27460
53120
49860
41452
41228
69504
30816
57524
28984
55272
46720
70128
41756
40820
14028
76564
60596
34704
64968
32084
30020
42104
58792
58428
48188
37028
44340
59256
61140
36264
28480
54508
52084
59328
26200
52800
57640
66244
40332
66024
50812
21296
45380
42748
47264
43400
54548
47276
40288
51848
46544
61320
53876
77564
32536
33124
65456
50192
52504
45556
31172
66368
55736
38488
38124
31008
38076
45720
40424
4724
52356
42732
54872
60592
32288
43552
48756
38056
32900
43892
74396
63348
31932
49032
33728
61072
47812
60484
57956
49144
38336
66096
57928
38492
47876
40704
20232
49076
67728
32076
43976
63936
29300
66864
35268
49744
46852
41760
60500
25896
29680
54172
46980
36896
22412
46540
58096
62612
22716
69024
51496
28060
1388
64648
38460
24108
28940
51924
49776
42244
58380
71868
52248
57724
41144
38184
60756
33372
49548
70652
42916
50872
44100
30560
67928
68380
31308
56860
41544
49340
41128
43572
53652
54284
60384
31616
61024
31104
37220
52420
32332
69968
42416
34512
32860
36480
44656
52892
53056
56976
58436
36964
37904
62432
49752
59284
57884
51244
27296
29352
73772
63788
47656
29400
41716
31660
53884
53852
66112
60744
36308
64476
38612
21776
35236
69380
51496
51728
21652
60208
25672
53164
49980
41692
67252
56104
39752
34216
37952
39232
41172
54212
53488
39956
38800
36120
65120
78316
60412
55768
1308
62620
68924
13208
28684
37112
40104
40636
49324
30692
24888
34272
49788
39452
46596
52896
31904
45664
31760
73292
57100
80048
33520
54060
47116
50420
28064
43616
42432
43888
44092
46504
53584
59644
43624
67568
51696
69280
63104
68240
62152
55192
52532
58956
53576
24980
32668
35196
48928
50552
33968
43836
52296
59068
54988
20556
39552
54444
38412
52844
23484
51600
41916
82456
33492
67552
65868
38112
32172
37552
64904
46668
51492
52492
44716
60444
49296
47040
38532
27812
49232
52876
40244
63272
51480
49780
29676
63912
60080
55048
51960
43812
59288
35400
49588
33976
41536
31616
55044
31276
50612
52796
30548
25012
56708
59204
44608
60688
77000
52308
31568
33652
50124
43320
59340
35452
33704
48804
35756
41528
24240
20300
55940
46400
67892
26704
47596
77580
57688
70320
46140
54652
47252
38804
48932
48436
60560
45852
34532
62460
45384
30772
71544
45560
70176
41396
51132
46308
36288
41196
52748
35328
59476
35080
41088
1332
5940
42084
62672
66488
60336
51464
33012
59048
40592
52976
45776
64204
52084
59688
71220
2016
64308
30192
63668
47228
40804
48232
39040
45736
35616
39040
65824
61496
30948
11644
66816
60556
49364
62328
43152
41324
30392
33260
78780
46564
49632
51164
67904
40556
40460
45660
46380
41136
41720
42052
26248
49788
47908
50492
44704
44892
32636
41484
59740
67480
62212
39340
48296
58220
36580
57464
54972
64020
37976
54484
58428
51148
52360
77748
49112
35244
35632
38876
41712
43128
44240
39960
53936
78852
37324
45824
59440
37260
45344
54680
46320
42960
54028
63036
46840
52132
29768
50448
38136
70696
42448
44372
59060
272
31060
37724
17568
55560
53336
46764
14604
80172
66036
52072
4544
48968
54108
35872
32736
67720
74548
32720
56008
39740
41076
64088
59708
48000
39264
51900
38464
31708
60008
33532
33524
37480
37124
45892
28124
31424
47564
40756
53856
43804
27152
28676
47828
6388
66364
37372
59380
35356
57616
49356
57680
51320
47888
73444
36172
51624
14228
60972
56580
52236
7576
30012
45484
44540
39680
35804
45776
70452
57304
43756
58220
75948
32792
55992
73112
43448
59604
32680
45556
33768
36240
46992
38868
37852
50300
37932
49616
52092
30056
51328
63996
49052
42308
68628
29448
61260
43732
57108
32480
44308
54496
59992
48384
54248
59672
54040
55312
48688
68512
71828
70984
54576
62400
43620
54832
47620
37180
68848
65696
44272
34964
38744
40376
32060
31428
8188
42744
50732
60120
23980
43300
37044
35840
38964
65100
48108
63100
39672
52524
48264
59100
31968
42940
30504
52412
43580
61780
55128
31424
46040
54520
63436
49260
40952
29996
30084
70732
32600
57592
55008
51980
49308
44608
51856
54500
51688
64048
44908
71548
57708
45480
49752
75184
55312
51824
57164
55036
38784
65836
33456
51736
47540
61696
46416
49332
35412
41404
9516
37220
32968
42352
50540
26000
12248
47976
54096
29600
48668
51972
48432
57072
43080
47696
51384
44932
49616
7876
41432
63856
40164
33224
63064
3656
49724
43808
35680
66416
56332
23048
52972
46608
47564
55888
59576
55132
30884
56188
57176
52668
28384
21024
52364
18972
35208
44760
41708
53536
59652
51272
17544
56444
45368
39596
43608
52192
26216
37288
58212
55416
39788
33640
42132
25564
47936
49480
52900
41268
62520
41708
27912
33772
49400
49440
47364
54084
55508
69204
57224
39672
50256
31336
47856
38012
44192
56084
63120
65236
48672
43404
59684
55924
49240
58928
52092
16980
45640
45344
26900
63920
52876
32772
6388
71148
36252
33892
50152
44068
55024
46012
29756
51088
53116
41112
45944
26988
56012
60080
41184
47600
70504
40192
35384
70768
38648
39276
54164
7484
43700
39312
39928
59492
63388
24100
49060
44192
30280
73248
66164
74056
40980
47144
62344
51212
37572
46748
42696
43268
47268
78260
35908
62200
60952
59392
27012
43804
34636
47132
37080
35364
69148
41456
57396
26548
68352
41136
51428
28000
55444
44368
57824
24068
51740
43384
73324
49508
39404
48180
62492
51760
39308
55776
51916
64716
53612
47120
61900
67148
48960
45796
56988
46588
21320
35584
21584
69936
54404
45848
38500
30808
48304
47028
15340
64184
37236
46032
25272
30636
66720
30476
37664
38312
57604
60880
46620
26464
59036
45032
28340
84880
50000
38616
42756
37768
45040
46668
52724
45592
52540
324
46936
40140
70008
39948
61344
57740
60728
60168
61616
45708
1616
45356
61620
55896
59752
36348
8356
57268
45496
60020
41808
53224
61144
68804
29416
39736
34300
58036
58360
30104
65788
53328
54004
22348
44440
36784
46520
46888
55136
66832
44628
45508
32056
59428
63316
28012
44672
48960
40956
59936
35416
53720
29608
41788
49028
60984
28956
75496
50400
59492
45100
49656
42616
29672
54656
49524
69428
49024
25420
41588
46692
26560
47392
51360
48992
57544
45560
42396
27440
31948
40560
52736
57944
49200
51220
57632
46872
33904
30208
43036
57952
45776
58920
53952
6932
67664
31996
39928
33688
8768
47004
45644
52496
47624
34916
40008
33576
46372
39184
37636
40340
74536
30312
53352
39644
33636
62700
75160
37852
42028
34856
27472
38384
49940
6148
49604
41932
35152
65352
37648
33244
46856
62692
33880
32744
73364
26080
37204
44772
28848
22976
5312
48436
45632
58480
53844
42784
26340
57908
57524
31804
77268
48760
63524
21524
52152
68052
47476
49388
29468
65212
39460
51192
30288
65944
70436
42188
32496
55724
51880
53188
31120
46840
16828
61160
50484
46028
34684
46908
39932
60128
53984
668
61632
49384
35284
42268
50016
39300
41676
36840
54408
43868
52232
31308
48884
57520
37508
43856
62236
69364
55816
59512
54976
42072
64736
41472
52080
63180
37204
36796
72016
44212
37884
73916
35580
38716
49620
34768
54476
49964
61568
42376
48084
47768
69216
60560
31840
37356
62448
51304
50092
41688
33836
37552
19012
59692
50204
41820
48060
53756
40536
44256
51736
62384
43348
32808
36968
43820
22248
26540
57176
67464
48164
53628
27996
27884
55684
45168
43316
38732
51704
45700
43992
52752
41488
65048
34560
22184
59156
34960
53060
77236
42396
42424
36512
60068
52844
49732
57460
42108
68400
28128
57516
49360
33532
59936
27568
32688
57108
57720
39152
47956
32156
44016
33920
50844
21212
50260
45248
53492
46736
28288
38044
24776
72924
62640
60896
66348
51332
52220
48720
43044
25252
58460
22604
38608
62844
58624
75200
50432
35032
59388
19520
50920
54448
69456
23764
53916
66008
41892
38476
32968
72616
43352
18924
27104
57912
40908
59680
63756
44320
37984
62204
28860
41904
63668
19400
56780
59492
23660
41060
64124
45212
31648
44972
58404
69016
44772
51040
50472
45992
54308
39840
33652
58680
64256
47332
68708
30828
48796
64392
69792
42092
57116
68648
54960
51060
33344
59180
46720
65720
43104
48500
46272
49324
44820
53524
35968
47272
47336
23892
54100
62304
66508
26468
39364
29408
33528
49936
57276
39948
59056
51616
32120
38024
47168
35296
53632
40196
43640
37304
38232
56072
64840
19548
45124
49944
32900
43324
46600
58124
53636
57052
63872
41020
68580
55588
39840
58644
42176
56448
52264
35688
50684
49288
53020
34244
56992
36236
56472
57648
60524
41544
45244
52496
34220
64128
40140
76044
55088
58100
53956
53824
65188
51276
18904
59704
58564
51184
59740
74180
37996
52992
44640
56544
45420
4260
53620
47432
34584
47144
44580
23688
50156
43576
36012
53520
58972
45988
58628
50660
39476
46404
33108
64868
36248
25208
45956
26188
35712
25004
53416
47532
62676
64060
37092
56464
48732
37292
23112
59744
70124
60276
52220
67920
61600
40960
10524
47176
36160
49328
57568
26100
47440
52832
51912
46688
44772
52708
29700
84160
48448
39568
29692
47944
15400
29404
27328
38560
50316
52608
41968
55880
26888
55920
61708
45248
40348
58532
33860
54276
61268
52680
48996
52204
46432
56156
32584
8508
49976
54004
53096
55856
50160
43996
42476
39916
55420
11616
40220
59312
68068
53600
53820
41164
30848
47212
54676
55940
62992
42036
61100
40660
55200
18260
59804
53184
54584
32628
75356
76804
52456
38564
33260
38952
37500
62008
32892
54044
42052
54244
57944
43224
56768
24864
26004
46352
12556
67176
63576
59720
56020
28792
59632
12996
53512
56688
36244
28988
28508
27860
43540
57124
55556
29632
64660
60388
40376
25056
51280
44596
28980
50248
82432
75512
31456
56764
49144
65568
61492
7280
42220
47720
52604
7024
58540
46660
56504
51272
37980
42312
36868
17820
46012
50944
38200
59168
45356
51212
50548
64928
2316
49556
33996
50500
45064
60056
58152
65692
40420
27572
63156
40864
39960
59392
40208
52408
39956
52860
31684
60408
56240
49272
42448
65812
70944
54852
46224
39300
57452
49388
43872
58036
54444
43124
8612
37240
64764
45772
28188
31324
32480
53880
73084
53696
30780
57008
68040
54264
45968
54460
56100
45228
39988
32148
41672
37316
44244
58288
55572
59764
39632
54832
42768
41900
36408
44480
45932
50952
47596
43216
42260
43688
31020
57888
36340
45136
45076
37092
42932
55672
45812
49408
63960
39500
52136
65800
44180
43972
66776
41416
63108
31704
49144
45624
45192
28816
24328
50400
67788
24116
34420
40900
47852
56424
28600
52000
54540
46504
36580
47564
60460
27364
29272
61812
65096
67628
54596
49784
62944
51792
42672
43020
43764
51488
40716
57648
58408
66920
54308
26740
4124
56628
54088
46920
22264
8060
39488
32000
49848
42960
62756
44852
33248
54572
39860
54588
51408
57900
23252
64032
33948
38976
42480
54032
25868
47716
62800
40940
64404
46240
39492
48708
25904
51612
38428
50284
60580
55708
29580
32016
51976
47184
42876
45428
39096
45244
60128
56600
56880
56412
39008
23708
51868
46536
33828
30148
10084
8176
29408
29260
52956
64244
46084
67032
47440
29272
44416
53076
40132
57020
73216
41920
34404
43028
21748
53248
43684
34624
28504
59520
55216
53888
45476
30816
39448
58396
37324
56516
60264
37160
56648
64916
49780
44140
51100
30492
41708
56840
52968
27132
54068
39132
64776
37844
39684
59772
38116
56232
44552
44064
57080
3488
39976
52164
69068
75612
47404
50208
57100
7376
24092
34488
62416
48600
70060
56140
45968
57072
48168
47788
48120
35084
67828
53868
44804
60928
65612
60992
70436
56772
41760
65152
34376
58428
56800
66628
61216
45608
57764
58692
38816
45756
34376
50584
45156
49048
23456
50932
38760
37048
16564
50220
45724
55056
48144
60124
64252
18920
34248
68724
6880
18628
40812
29284
63688
57624
49740
29676
40172
74224
67136
50776
44692
46480
43688
30108
58272
31192
50212
54184
20232
50988
36680
37772
45596
49296
47592
64248
47756
44624
40392
36752
39560
62816
35544
46660
63948
55520
64916
46256
34444
35048
44720
43244
50532
52044
40608
34536
29264
52316
56372
48548
57852
40212
45864
44052
40140
50504
44288
54880
46920
52820
38264
47660
39572
74964
30676
52312
47244
55352
73608
51396
55776
61192
30992
56468
69120
7040
66068
44688
62160
50856
66396
37984
39788
53476
52484
18584
36700
65648
55804
54088
48408
59476
64248
53268
39392
76724
47176
29768
37456
64488
36276
45736
63060
48100
50408
35624
54964
49940
43084
47536
52676
51164
51500
39724
35960
67412
50592
59536
26508
56928
10940
46428
38940
45968
60932
42148
56004
43772
53300
50960
32996
34652
36892
62872
59800
43412
67512
51728
58008
48276
54944
22984
59648
24588
35284
35920
41556
58032
57428
53016
44004
57008
28936
62368
45296
45560
54172
51452
39736
30472
31668
42004
33064
61900
49000
49328
47672
50936
41452
51468
35156
56368
43720
29140
52712
72448
45336
54168
42624
32220
23796
46268
12488
48976
52168
54012
33392
58000
52228
60672
55356
61128
55372
55328
40024
38056
29776
55384
60560
35764
38464
57124
45652
48468
52252
65404
44188
58736
51752
39232
27644
52776
45964
40604
54192
47392
50224
57072
43752
48932
26612
51304
37192
41828
44508
50996
44584
30240
38064
49872
34800
40536
54852
60840
37760
23344
41740
59340
34888
63716
35276
60308
30760
39368
45680
58156
32488
43632
58376
47032
55776
64552
42672
66856
58288
58708
66852
9672
55056
44784
44356
30840
72160
32140
51444
13972
48140
49032
32732
48500
14620
48192
50500
54244
51388
65800
35644
59664
43492
63440
40860
51148
43964
64228
39728
60384
48468
32372
4260
40892
7788
44924
51156
30712
48292
48996
31120
46196
46376
36192
60468
54312
61120
22652
21784
52672
18000
32264
76312
51780
55404
64688
50572
57268
52124
37120
40968
26920
36920
41840
33608
39300
49416
53808
51048
43688
44596
45448
44204
43148
51812
54736
57156
56328
34164
34960
50356
31964
36120
62924
29184
59888
38572
37852
49644
35548
44940
38072
54072
25892
40144
35976
52416
42400
59780
71476
58648
45580
61132
47344
51000
42324
61784
69380
40132
57200
28372
32452
44288
35580
43976
37500
50452
30256
44992
69792
42340
47920
25656
49788
52676
47040
48112
43364
57688
51140
70248
34244
50844
32332
34752
52784
33352
57352
37848
35664
38024
35800
32660
26172
44504
63540
44348
61512
72492
69496
41676
40596
29948
43548
30760
41124
37216
39740
40176
59936
40032
31968
36380
39640
30828
50828
59052
60608
51776
46272
50492
67156
43884
61196
52732
57376
54040
40556
53100
29632
42352
53192
40704
62648
67888
51608
43384
45092
51116
50868
50632
42172
49552
74608
57400
55440
58156
66008
65120
34028
43836
48484
78484
75276
54848
36864
39308
54008
80656
41292
24804
47056
24572
54164
38428
48668
46424
59252
50876
49592
18868
60344
54176
29524
39428
65952
32624
61744
40956
8952
34128
56216
57580
34104
46604
27204
52576
55344
23468
31984
39944
41024
51556
65532
52840
27208
32596
62996
27340
75848
39356
41164
59224
40384
52656
59488
37588
42256
69652
24716
35820
29464
41752
24832
47752
28084
45384
47076
48788
51488
59516
60208
36780
65264
67208
82952
69296
42356
45684
7528
55680
26536
49448
40212
65256
30660
56804
53056
65060
43968
44180
46892
28364
67948
50752
59108
49276
47808
52900
58236
32724
53508
31988
50224
30384
8980
67148
48260
58040
37200
51492
68156
45852
47028
43076
65120
42692
30152
33316
56112
45504
29112
51348
59732
28672
51328
49212
32004
62564
65620
36752
43068
56376
58316
55096
30816
41296
42924
59140
2028
75664
50264
46068
41516
64820
65020
51064
34388
48148
30580
63060
58036
36268
34444
40824
56232
58332
40728
40204
48004
55080
60836
65960
40056
14444
25160
36668
53380
73336
51844
38808
52440
40408
37168
73084
35368
38408
71028
38612
59556
38912
60912
53300
33908
26532
51108
45580
44836
47768
61300
49784
66752
61012
45728
67776
77884
61860
50340
50116
47020
72604
42680
59388
50720
57376
30272
56940
55016
35308
52004
40144
42028
29116
53644
55724
55436
37892
70904
49980
43784
46600
31476
40548
42956
41176
38156
37824
35768
33724
63028
71336
36856
46204
42308
58580
40704
53100
35352
48824
24116
76296
33996
49576
31172
63400
30616
41252
45676
43896
49452
84604
51948
61160
29016
71300
52596
55036
42856
42780
58484
37400
59264
54492
45156
31724
59696
55728
56312
46100
36088
65004
40636
50808
42468
67784
46140
41516
31332
45080
50420
52548
78408
48288
25536
40836
34332
54668
55248
37384
28932
40072
65896
64264
50244
42368
42488
55140
40828
50056
48332
35976
30108
33780
44764
41872
58140
61012
48964
46700
46052
37624
61508
44836
45188
40312
44952
36412
29324
29200
63756
34188
59644
60480
37408
55808
24376
47060
53692
65076
42332
51716
31620
35052
56452
45404
40084
52632
49868
51768
59784
36880
61388
56548
33584
37312
55196
41172
53660
25924
18472
66864
54900
30100
47448
50228
45604
57472
35192
65640
54696
39048
54460
44684
41296
53672
35944
60840
50140
50396
62972
48104
54860
79932
39964
54364
27656
42604
41652
39156
60056
51936
39624
32724
36276
43496
53844
51436
57956
48592
47500
33940
42860
36252
53336
64364
49220
57908
42328
48612
35116
37296
42548
48980
49848
51824
52100
52292
29452
41356
51456
41652
67444
46884
36988
54456
64868
30276
29344
49876
50280
27596
67840
40032
47668
38380
61580
59524
60648
83668
4848
38828
47204
66364
78752
37464
45732
47164
45824
46344
66204
25168
30136
56528
34740
40064
43556
39188
41424
51524
39804
48720
32336
64348
47200
60716
40608
47708
42260
50320
60856
43524
25688
58776
7828
68612
39560
57532
57176
56472
50992
64768
69392
63852
32456
45080
35108
55920
58748
50640
64708
64804
39380
63232
66668
43144
52304
49552
42776
45300
47960
37132
38580
26112
54880
46300
46732
38664
36196
51156
49856
60532
38900
40220
59040
58044
47888
21080
39612
47912
38060
43980
43140
56428
27120
3972
32668
50080
70752
67192
68292
43360
49136
49960
51160
37220
45360
58668
37240
30700
56512
28440
43892
40740
26972
46584
57784
60896
47212
50604
66684
21728
69468
45628
57472
34812
52728
64128
64800
36540
56344
37288
54232
21388
33212
55284
42656
54360
34780
34112
46756
64788
38352
45032
66908
42584
45372
41328
50324
46976
30284
42896
20220
48848
29964
62624
52308
33236
59428
67924
61680
40360
54120
53340
47688
45304
40824
42040
46908
53780
43072
41712
32320
52200
54196
45892
55672
56828
42272
63588
54816
56056
50372
35512
48420
44084
48220
67440
57296
68860
52740
64192
53260
35132
56320
58828
49272
37460
61936
76264
28756
6944
40160
54152
49336
41832
62180
29992
61348
58460
40656
63848
58692
69212
52648
42624
51556
57352
49884
58868
47220
64800
19960
35852
50244
60492
69480
46196
28268
57232
39348
49976
42972
60156
57620
59632
37484
56812
46404
55472
70104
45764
61696
35572
34724
54228
43004
48172
25620
46212
57784
62128
39524
49620
56364
49692
34896
56884
68948
63524
57180
68312
40832
53296
49368
59408
58372
45376
44744
41320
56448
36216
28336
60324
48712
48692
45944
47584
39928
43300
62640
57532
46024
51692
63960
42100
44800
47964
50664
50476
63076
52176
69348
42972
37424
29960
51556
79796
61832
42704
40180
28028
27604
46108
46284
26872
40676
53148
60848
47864
34388
73628
36536
35376
72388
55896
49956
55336
51692
42652
37824
41480
63700
66672
61668
49000
47232
51392
40660
44500
56948
62028
18952
35612
26828
44092
36872
10512
62560
43788
36544
34680
40012
59344
10064
55788
55096
56616
59336
11492
56924
47548
42000
52360
64652
46776
43964
47408
54748
45824
31796
3320
26716
42112
51704
46984
50600
49508
27412
50540
47808
51576
26948
45204
36440
38460
49568
38732
50440
50152
66700
79096
56036
46400
62792
29640
36856
47436
28120
35084
55712
44800
48884
52152
62040
30068
27608
47184
48396
59868
70264
44192
47976
35480
63352
65572
49000
46952
51776
52944
33672
63548
66524
41968
53848
45880
68484
37772
27404
49280
33848
43144
22016
25688
51256
41676
51852
49748
54664
71192
57664
71976
43036
24876
63376
23496
34840
36980
26920
70780
51372
54396
67772
43848
35664
37948
48260
48636
39092
55152
60312
62192
48832
55020
37900
7856
47464
39644
37464
59808
55084
59468
59476
58400
34528
37884
77376
42024
45728
55420
62328
51056
40888
55600
59584
40644
49624
33680
46640
47144
13416
69344
53588
49404
32572
76604
68184
51920
27664
46416
22484
37796
29520
56012
38104
34740
65548
51984
56724
48208
46044
51888
47156
24172
53952
47056
45108
50388
54820
46400
57664
64756
41720
50644
34272
31376
62344
39176
48984
53880
81156
45424
39320
30840
34912
24620
58868
57116
66656
54924
25760
44272
26528
45572
44860
38984
49044
63316
49488
49868
34820
52508
62512
35376
43888
62720
48780
43560
37960
32464
69484
59024
44044
27364
43328
70804
51120
41204
21364
48424
48580
40332
61848
29744
60844
9208
50156
41840
39064
72832
40772
56404
45148
37932
48456
30252
55488
45132
59092
43212
40592
41020
48328
58896
37412
49808
31344
54524
58256
22100
66588
30528
55756
22776
61452
39632
72676
74572
46664
42656
50968
30180
68472
32816
47660
24260
48208
49748
56168
57332
35192
69392
39396
36248
64140
37448
38296
40152
37760
29272
43888
60420
39252
52336
58628
66340
63784
36896
73172
57372
60512
72600
49824
52028
34184
41740
51640
11308
48768
68500
52148
40916
54112
54608
79948
32980
52280
35416
45456
39260
44232
41160
34184
53952
63456
47484
42204
75452
42036
33568
56188
51872
45096
26248
47628
62704
42388
60160
30012
63560
66748
56812
33572
53668
30300
50940
2408
56756
40060
22292
66664
52764
67584
57912
44228
42812
67436
43192
47876
47072
73952
40168
58096
31244
48560
32144
34684
35472
44476
30456
59216
56348
31128
49976
32488
47728
56360
54496
48476
55464
30108
60848
28872
46704
35588
56116
37764
54532
46552
53568
61064
40356
42664
57544
24108
36060
42284
43084
34224
46548
36100
47148
62084
62528
37740
68872
44796
41084
50296
17072
53216
66636
49172
61524
45480
35696
44808
46364
32396
52688
56700
53292
55240
65276
45200
49388
36140
32944
49648
46008
46500
38336
54168
63360
56664
45356
56660
42736
48780
46772
72864
39832
31764
36400
6136
42756
48984
73028
36112
50404
50076
41780
45996
55240
36512
41420
66680
51876
56904
40836
38416
71344
51156
38208
30860
45108
49288
29772
43312
47472
21476
53396
54944
50728
63972
6320
35348
21644
44980
48280
43128
38088
41088
54772
48480
62696
55356
72356
57660
24664
44288
49052
33504
42004
63272
72092
43696
38688
46972
53348
63184
56924
8264
44400
52524
38044
52664
59248
65096
41464
45052
29916
35352
31744
68456
46036
60516
43852
39552
56668
56640
53416
55728
67280
51776
34160
76300
61256
52804
44908
44860
40260
52068
53264
45528
47104
43360
47364
49016
46556
48192
65904
59492
47328
37568
52864
59540
40932
38020
70204
62876
39544
38772
33820
47744
46288
50744
76856
45868
38688
43104
37652
53920
38916
34656
46460
62792
57280
53376
51604
36548
44036
6164
51188
50480
47472
69404
54856
60988
54068
45340
27132
50740
46292
55120
33152
37656
48176
33980
39204
51976
61004
44100
41692
56944
38016
43720
68104
6236
44544
44948
16228
66032
66012
42188
33828
49680
67328
35796
47132
63028
39812
57460
48348
64528
53056
33704
36900
36060
21944
27004
51816
24408
25108
10872
65124
38544
61340
75784
44960
28380
57240
49976
42376
60240
52680
52492
54452
49348
48176
61052
31132
58412
25688
54032
17928
27200
23428
36852
34704
25948
52508
70688
54248
53228
47248
42260
12516
30500
34496
62288
38464
46008
37116
40736
43840
67784
40416
35044
54500
57408
76000
68592
51676
50628
23036
12676
43660
54724
22228
37268
33804
35544
61916
25732
49512
45996
59416
37512
61916
64140
48608
20472
24516
59052
59664
32324
62704
61752
66212
48660
28944
53608
59140
25720
54532
40924
54160
41592
9304
36664
53668
34620
52564
29216
7436
54976
33660
59200
12156
22916
59296
52024
71112
36084
22096
58304
45796
45028
35980
77604
36712
45720
35516
48752
41460
34268
39128
60724
49464
40408
35636
53592
49236
50548
29568
45184
37148
65292
37992
32832
60040
53388
47812
54852
61420
47688
48468
51388
55076
53636
56936
71972
55728
26088
52072
53440
37576
62948
48440
39856
50080
48476
36956
68872
64572
37980
40368
56804
40824
53304
39856
50124
48776
43088
54820
51820
39312
50956
53304
67352
43904
42912
57552
51408
47136
54616
60908
57932
49364
27188
35132
36060
39328
55960
71988
40892
45248
28860
68260
38876
39948
63956
24632
45736
42124
54100
55132
45772
44484
71232
60848
42584
62816
50888
47540
44652
49692
48556
42828
42004
35744
42908
52692
54296
38436
47392
57440
43124
43000
42036
33168
54284
55444
40880
48604
45116
45536
45396
29464
58752
64376
56908
54816
46376
53116
31704
41092
45852
53580
34228
46568
42516
35416
56008
43160
40152
55408
37596
12676
36220
60992
34644
50484
40660
49456
42940
56628
44940
37788
59824
40904
64888
52376
72504
34564
42908
34020
41680
63364
53140
54652
33352
55764
45096
50976
40336
45976
39856
11716
85704
40116
51804
65448
56004
81852
36540
26420
39440
55872
32052
46320
57316
42008
53080
34124
45464
57080
30536
47360
1644
67820
61960
43992
37728
33692
65392
50184
64272
41400
58360
57708
30528
58152
53976
37404
56576
55660
43828
58528
7224
47368
52392
27392
60372
47860
36288
41776
49752
36104
45320
20172
24888
54232
33968
66608
45416
53620
57288
42344
57108
25440
47672
38520
67628
31556
41732
38472
47892
37848
1312
23920
20620
55740
45648
49092
32972
60516
38808
62448
58384
29780
58112
61612
40848
33888
25940
60636
48964
28152
31448
56892
39704
43464
59180
54500
51264
34888
30524
50844
19384
58052
30944
64820
32612
39024
51320
66700
41900
44436
48420
55792
36456
38312
47224
55312
40516
57648
48424
38916
37716
44496
36128
48740
64992
46580
57968
50880
27800
9632
13960
47192
40304
55116
42176
28052
54616
56376
35944
48020
30304
41532
57716
44636
34884
67860
40032
66200
59372
54924
49444
58872
39284
42636
44704
22536
4960
52412
58660
34024
60632
47844
53000
29084
49104
48368
40528
39724
72896
71424
50744
68556
44840
56920
55596
51168
55240
55944
54452
57744
21084
56120
56724
58020
59628
49572
44808
43840
41292
41504
55576
58568
67120
48000
39896
56080
54588
39116
59656
42588
25576
37864
54768
50556
56524
55364
46716
40072
43360
59072
52188
45732
38596
29628
30360
22228
47324
42884
44476
45144
48424
42360
39048
70440
50392
64344
45236
33956
39412
54028
41576
53912
39328
29988
54128
27152
40300
59672
56644
65228
58732
47168
59808
38776
34132
59432
49908
45732
44892
60128
22012
69908
54316
36072
57432
49552
44944
44176
46980
42648
45252
33472
38412
57176
41340
53504
57484
44496
41480
40388
44760
72484
46516
50304
58076
51588
20048
35748
58852
14496
52468
65364
55084
53336
38872
40132
59364
67268
43288
61500
49192
32008
57908
60828
40424
55612
64556
58936
70020
42212
48984
41736
53908
48204
42736
33524
53128
29236
62412
72656
50468
41464
42696
42324
36572
71196
55088
53444
52940
29748
41024
31140
28176
57232
41756
56156
33784
67840
43008
52300
58020
38788
51552
59800
39944
49100
37312
51168
51068
40420
67992
36268
50136
58040
48088
39132
33864
54772
79652
46416
64944
63072
57148
41156
40932
48560
39128
59360
31192
51156
50296
39660
54120
49356
49712
54548
54072
28312
21728
60944
52680
32540
36624
58608
63576
48432
64292
26312
73416
37444
48392
32632
79848
50840
56088
11716
28752
52820
44484
47848
68680
55528
40252
62328
58576
59132
41536
38052
59352
51268
52072
58328
6376
34224
48836
45436
58748
43732
31144
44676
41460
60828
52704
58544
41772
43692
51896
28656
57920
48620
47580
38056
41808
37492
49032
68220
31608
45356
54520
52412
58136
3568
57676
36704
62792
66068
32032
68332
47824
56888
38664
53024
60252
44500
20184
39352
52628
50756
37808
47512
72424
43724
47176
69444
53180
41428
59380
50288
52396
39824
45816
21992
42948
48540
65536
33836
57580
36572
47028
50348
46032
46380
52380
81532
40284
65064
38732
49668
53016
50904
45696
55768
45044
58140
43616
1992
11556
65632
35772
54540
50340
64056
67236
36812
52316
51940
48764
56372
50364
48488
35744
47920
31164
42952
35908
52656
63792
76732
52936
54340
38472
29580
45268
72844
46912
65768
65232
20772
57712
33492
74272
56152
23624
41332
43468
62448
58792
38408
39492
41716
48116
43840
35636
30788
6460
35732
66428
36964
52724
63888
34516
47164
43016
48428
56264
38952
45804
69120
61716
23140
53412
26252
61800
54280
70604
41252
44924
44828
48424
60592
62680
39576
34784
29668
31176
37424
35160
60868
59480
42396
43040
44184
32324
69108
52068
44496
40160
54336
39264
44344
60820
53848
67720
55860
69396
64680
47492
57856
48988
47844
53012
56924
50464
23744
44384
57636
55744
49948
53244
41168
43948
60516
30372
49560
56764
57928
68196
43880
53196
50900
29952
58444
26944
42480
46212
52104
45264
36784
49784
34128
42476
51892
44904
43516
72500
42288
57060
42380
49684
27196
46932
35960
40844
42708
48580
42316
33960
38400
59472
59228
28504
55684
54516
51412
16932
44516
33824
66968
71012
70672
56368
50240
67644
48828
58528
36732
32496
19076
48184
32680
47380
50984
55668
43592
40004
62252
49136
32648
33376
23772
48928
48860
61640
61032
77240
61688
33128
12220
53604
19908
53872
8648
53168
50140
35460
45772
48772
44548
66288
49176
41856
56016
38752
51320
57532
41532
49364
23268
41156
37824
68036
49192
37164
65076
54748
66924
43652
37928
24708
62668
31868
45152
25924
54040
27920
35756
65004
46044
50284
62612
33676
28176
70000
42416
67276
49264
29748
59748
62764
57776
67404
43164
47228
39740
36128
58220
37472
56072
70140
51860
56996
48468
57180
47376
75264
39864
40716
68500
66344
47660
47040
26220
59200
51432
40552
25816
30036
45400
41668
45268
42992
42288
67528
64720
47156
58408
11656
38124
32816
29632
62720
54092
45740
30292
66780
74584
36028
48708
25440
35796
59852
71620
55656
60288
61348
28412
62540
55440
43504
38264
45508
38008
61280
47624
63620
52560
48228
58020
36420
54804
47092
48124
71832
39060
27540
72736
58708
44684
26900
38692
39400
42788
15632
47492
39408
66784
54952
31856
34328
60968
46748
35992
57528
47676
28956
40140
29632
47904
61528
43036
56892
68904
40768
46960
3508
48456
77988
49872
50232
59348
41140
47748
54568
51952
58936
38448
49720
54588
60272
49332
33948
23820
62652
45728
57612
58020
50960
53864
54428
63100
39032
46176
46296
57248
68524
59968
42004
45092
48772
66360
62540
41324
41984
74560
27360
57216
56964
82048
49424
48012
40724
66044
10900
66376
51796
48148
50360
29376
45600
57508
37888
43924
50208
38300
50420
27112
61312
33272
47896
62980
33160
33092
52380
38568
38140
21408
63436
27236
37944
42036
61232
49172
46104
44480
34904
31388
45400
50480
48240
24980
39444
63108
45476
42780
62980
48352
54412
31232
21756
42880
48972
54084
33500
45464
46292
51252
40480
68632
41696
62212
34460
47248
53088
49188
5748
37624
42444
61124
59964
32304
18372
46084
30304
49564
26492
74728
44768
38276
39020
48160
42548
71344
56652
34268
44364
45632
30748
49920
39328
26920
44168
72996
39632
53244
69408
46876
31952
54348
50000
45996
47072
67092
41140
49888
41876
38400
54224
20704
50248
47988
32424
34132
46164
36928
38488
37800
56128
31324
38396
47668
35648
39680
52400
48384
52784
48936
55616
41560
29292
47916
67004
54676
38924
44088
60548
42864
69220
45856
31452
37764
51244
35788
58952
24376
50356
44804
30968
43972
32608
66028
59712
31576
36364
35232
43348
58704
41584
60736
58356
65184
49940
21980
50268
46020
38892
34804
53372
35128
34608
38888
46820
57644
83144
51788
48756
37968
64536
55352
44412
66664
33048
47616
37784
66424
23904
46044
55176
25388
64128
62460
62804
39580
55940
31852
49800
48884
42652
46652
61364
55880
41152
40800
61384
54764
13508
37752
50204
42512
41216
9832
58404
45392
39992
61968
46256
48332
43676
69408
34184
52080
50784
49320
55132
50868
31312
76180
24764
54228
53408
47844
40288
64644
47756
46224
56280
49256
33368
51468
66004
30576
66380
49728
52624
46600
43036
42800
25988
67828
39464
42160
55076
49756
38392
49976
60024
32532
13964
45780
40716
60432
42612
34176
54744
57284
33168
42496
36308
42372
36676
40168
59388
34364
42596
49720
30520
42532
67032
7856
26836
48976
34436
2664
9764
55936
42812
47252
41708
48724
33980
7688
41108
54748
45568
42032
59888
26156
9092
33576
59800
55100
52512
60676
28780
40040
66336
52468
50164
37124
35672
45040
64528
51520
53884
48496
59804
41096
46164
37184
65656
47592
47988
45916
47812
44576
48240
45976
60768
53940
60428
37264
86636
66312
52220
55024
46676
49776
5988
54112
40312
58380
51184
54196
48680
55740
45124
37096
51184
45092
49696
29208
34928
37904
32064
38632
45832
62824
38564
49700
54648
41288
31020
35228
40228
39968
31128
21132
52480
37428
52348
47796
59048
60280
50684
57008
54200
23484
45312
55700
22824
43724
72648
63612
50428
28072
43752
42216
40244
45032
55140
58864
39068
45096
66628
62180
49392
44364
45860
69584
46684
39372
45064
35208
52708
54796
40644
64704
36616
61168
50592
54796
35752
43952
63856
55848
40812
62400
32472
69360
39536
11000
47740
29144
51268
18920
42008
46000
46832
65448
46188
52324
50136
60744
41548
46012
58076
46344
49304
77128
41152
22400
63472
55564
39212
53872
44340
55824
33612
24624
38160
52528
51400
30952
40396
25956
47532
58488
48704
36176
37428
40192
40148
61980
61508
31976
31556
34784
33172
36836
1808
85396
62804
62752
50528
27092
52312
27780
62296
48156
39608
54764
64100
25912
58168
45120
40320
52344
53292
39480
58492
43252
35756
56436
63468
32452
36120
69652
36936
56320
51012
47364
40712
58108
46828
42704
59760
57936
54484
56464
39832
49860
34724
39016
49808
39372
41140
17340
55712
55312
62508
24104
26020
36712
55732
56920
50132
26776
33516
51936
66660
60984
35860
62132
53368
39916
59620
40352
44320
40208
48412
40948
71184
28496
56940
4348
51120
39764
60648
59008
49628
47304
48728
60584
33416
49396
30212
83336
53540
32624
65696
48180
43716
908
31500
50656
45168
54036
49348
29844
48744
22932
46264
53260
48892
52040
41452
48724
52036
41340
48392
35704
41988
49656
47840
55108
47764
54344
44160
44164
50536
53040
48672
67976
32916
17096
50868
25492
76076
29800
68724
27320
42704
22316
47948
43264
59000
39376
41216
59348
48920
36084
74160
48464
59720
48312
21468
51052
51584
43968
43028
30596
81688
55104
41276
18360
53596
55984
73696
42232
49420
40236
53576
34036
58352
34620
63868
50776
38264
60968
50544
66220
46084
45908
37568
66392
40644
57116
45724
29108
36056
36072
47340
26292
50212
31564
37512
42460
27792
31164
48696
70996
47184
47376
29192
42920
48308
52244
46944
41724
47216
51072
48828
52484
52780
40060
47352
55916
51352
73524
56404
40768
49916
47956
66940
63452
45524
51784
42620
31616
66960
35380
60320
33624
29820
50392
38964
59912
51708
53232
52700
28228
42880
30168
49716
44756
22684
24212
59640
55596
49216
44356
51484
30944
18936
56792
48444
52100
29484
50944
30476
50900
58620
53816
35296
61616
59708
48220
39656
60580
17448
54000
34716
48284
53140
47828
49948
52044
38596
52836
67292
42360
43604
29832
44776
58356
45748
71428
39156
66196
63656
39384
62676
41580
56068
10112
37344
59568
39044
70972
58828
67628
51000
46588
73792
34384
42440
61260
40060
24920
48148
27332
40544
56560
36756
56992
40776
56908
42592
41524
48788
33652
57620
48876
51948
49436
40172
41412
52636
59128
528
31140
48228
48572
31140
28576
49868
49888
41180
26272
46656
37376
43100
57944
56524
32576
41020
30168
42356
30904
38716
68868
46176
51824
31996
15344
46292
44056
51984
53620
11020
25680
54184
46088
45600
50416
56164
45144
22076
52728
41164
47976
68980
58472
61376
54404
50640
45660
49932
17512
54024
54252
59464
42160
78660
38248
38112
62804
48276
69008
35804
58452
64480
28072
40488
45776
73000
47768
40424
50552
41488
2872
62568
53368
49420
42364
39036
38580
38560
61588
28480
39416
38636
32752
50904
49280
43616
54636
53332
30864
47648
44748
40660
44460
25152
26052
42664
49484
41456
33528
30100
23244
70364
58472
42936
34660
45568
52356
70168
57376
32268
25444
61480
56148
56552
52344
4604
29552
52456
54664
37428
61540
48480
59228
38864
60100
70296
44692
67880
68580
54196
53948
47032
38752
28096
47392
63652
51796
29628
29916
47844
44300
44856
56296
40072
39796
43248
34420
30836
19448
14724
62120
70428
11332
48976
40020
46080
60616
11556
57980
33312
17872
61652
63656
49072
71748
62356
39400
39508
40524
42872
51832
68380
20876
48932
44180
56112
67036
50700
52888
27508
59564
31984
68216
44064
30820
53720
45240
65992
49436
32164
40080
35564
38312
41164
30196
47192
73340
61420
33920
72956
29248
2536
49228
53600
44664
23844
55428
49736
57000
57296
30328
37744
48156
39112
60124
63032
39396
27820
41948
63084
50008
49264
50616
58676
58764
18620
41124
42204
45668
39564
58924
71840
61332
45012
29372
32092
44084
58680
42768
66404
41768
20392
61728
38636
34452
31560
56088
60324
69408
55892
38104
44452
45180
21416
59672
54808
41752
54396
44636
33584
47856
29340
28964
46528
47888
44848
58864
39552
61508
49960
43488
31288
53660
59476
50296
59224
45048
52168
52212
46256
58628
14408
51820
51468
40592
49580
39176
34520
15864
62200
45036
28316
