40116
52932
75964
67728
54444
60436
32060
57568
90408
105580
64500
60508
58828
39732
69988
130756
77088
86200
73424
75820
58004
69532
31756
55652
99456
81316
59104
33356
85616
26144
71880
44852
53952
72136
77784
11644
66296
83392
65876
46428
76836
51292
66280
38516
98740
53380
63992
69824
54980
28652
64312
62288
80056
70428
43776
95940
12696
27276
25620
58232
34212
59404
61184
74740
54816
66056
50728
119400
85496
25008
48572
66144
105612
36796
84788
91404
80060
28320
35636
55472
51320
65676
119864
57072
75208
70912
66724
56300
35160
38208
33020
53992
56592
108764
85156
50312
47808
15256
89660
102000
89072
36940
50268
43876
9496
67204
79192
54948
39024
26936
87104
59668
43348
35944
77544
68104
77952
64388
56060
77724
15232
108952
123956
76812
55964
35024
82716
60316
43340
56716
49948
19316
105160
37736
48824
58096
72132
48436
69820
75896
78572
35824
27184
126500
105824
39948
76096
53356
34708
20464
59516
58112
77164
38640
76648
59056
83292
70592
53936
44760
85144
86444
67172
36288
36492
79684
41976
68456
90328
58092
48160
60880
63248
85244
63432
13432
63156
29732
53368
84736
66644
36496
70436
68344
78352
63960
110388
122612
84752
74472
42308
108404
21484
36804
42116
51084
84624
47184
34824
86944
96740
20464
9564
65004
52724
17152
53912
88084
39296
114752
63184
92996
49408
13212
41024
54840
54688
60548
47044
7172
54852
33828
21748
39388
41956
105604
63012
50036
54580
66500
35400
42836
74896
23200
38412
74084
57804
100568
65324
26520
20308
90928
52812
81776
37516
72884
97976
126840
104768
71736
53992
72336
58780
59280
62112
53724
94676
50840
84664
47620
117496
46996
67708
49812
86424
62472
64736
1280
69960
74984
62212
24936
76680
12532
66668
59004
71920
102328
73288
73924
91860
84936
91812
40508
102780
10760
69236
88984
51092
34532
28368
73548
48652
123032
64524
63044
89760
47624
60020
100992
2144
34456
90652
94176
69848
71128
53940
72108
88476
57648
89116
39972
28916
32596
37464
79384
96856
90236
53612
83500
37792
35780
109796
63628
55092
76408
56796
74716
60632
54560
90140
73392
54392
93632
65672
94860
39812
84936
81280
53652
78144
104936
71096
49060
56452
81228
78656
85496
81412
75824
62740
80216
71240
67884
72364
48144
50676
66984
62824
42480
92548
17708
64608
57912
70444
71324
89948
43028
61056
45996
52716
66464
40280
21332
83020
40680
78684
48116
75732
60208
25176
63544
87432
23812
21160
50152
63960
69684
19352
99604
44884
43348
91868
93616
70876
48264
50580
93112
97536
107568
74088
20616
77004
72296
62648
56084
28544
22944
59284
34688
44128
105916
45956
75600
70672
69368
72324
59924
49712
63508
18432
30796
68376
35128
28356
61260
82612
28504
73684
76608
45768
14864
46192
64088
70240
73464
50280
51680
59040
39640
38976
25304
59276
120804
44952
70304
75996
50152
98576
87228
7352
32676
70180
79852
47080
55456
76428
65328
79920
79244
85784
61468
77724
62168
84660
50104
56024
107016
70820
58608
39144
63156
98160
82072
123444
83560
17268
51592
47112
81420
90780
48100
51960
144672
73908
40064
44372
47820
34828
55120
73928
44700
69532
61864
64260
22732
86132
50928
76396
93176
101412
29828
113252
70384
78896
45504
33372
45824
88848
44408
96340
61328
51776
70688
85184
49268
2672
54020
86608
40332
58132
32004
56076
55044
39504
63496
83852
71156
68948
52308
74964
70028
97732
17536
78280
57928
76372
72744
16644
37940
74980
74936
43152
37828
106096
75984
32776
41876
85036
63920
94972
81320
85456
61524
63144
37904
44184
72468
55280
55448
69212
43568
41316
55196
52116
81380
63044
45392
45432
23764
43676
98284
81988
68672
91172
11692
60548
78416
5172
106700
43660
80648
58384
47296
46460
29968
55660
73492
50924
117868
55944
57416
78140
52740
46892
66300
87456
122896
86100
56464
57712
38136
68736
94780
39912
42148
29724
39232
24112
37564
75444
42496
105620
76180
86684
40200
82436
74060
40884
14384
74172
82464
47864
68456
29696
53680
108172
67784
55896
78424
52012
22032
99852
79820
62364
87268
96236
45232
39968
39436
83916
78052
82212
77632
79368
71380
69504
85196
55408
82476
54148
56936
106052
97296
55568
88220
91980
72968
68488
31796
60840
24676
76164
82620
55288
83512
59856
121528
67540
20940
90088
74636
6108
110544
61456
53784
48436
43092
70092
52244
114564
26460
45864
71680
62432
66396
69896
31600
65520
61160
41996
18112
98812
52684
8732
55824
83744
22424
89340
93092
23468
40588
60808
75448
45084
42256
45040
50692
8284
47212
48780
42464
63628
89276
71624
54300
99756
86244
47576
40132
85400
92672
31352
58800
104080
49536
34636
69604
52908
45652
81660
64296
55332
81028
37556
41836
62992
74464
96032
78764
111164
44056
47852
74736
24052
61828
78412
75844
38520
24668
31564
14968
43852
54748
103936
63744
6488
44648
79340
92848
61272
97676
56704
81836
39600
40644
66340
26612
53468
50816
24576
23532
85588
53752
47460
96016
14620
59368
57724
56260
88436
88980
55604
76220
74044
84424
36676
78524
55344
50772
50188
39696
34712
29392
53124
58424
50912
36284
49128
65360
44284
39808
9932
62452
96212
47292
11328
42480
24272
90748
35604
15084
65676
49520
21100
31608
71952
55336
51288
34876
89620
51920
29916
100612
50220
43576
98956
44828
67724
44524
34208
45188
30576
69492
54640
5188
51344
53264
46980
78596
69596
32492
41424
53380
64628
41516
50204
46572
46020
78072
112592
56120
39968
50200
57360
45496
62740
58172
75616
90536
1688
74032
85204
61088
46096
11912
61420
61296
94176
73436
79552
36728
99924
36976
42040
30484
13468
80156
73836
59628
77364
41436
87784
51464
66780
50328
57796
59644
69912
35064
60900
24472
80140
36312
39696
39256
43212
61452
60336
76872
55688
54184
59796
57504
88992
46620
44100
76128
52308
61196
58368
27056
52504
74812
47736
35668
82392
86388
62196
61116
53616
55400
60096
91248
70624
92648
111776
59436
98936
80400
7480
55136
92468
74916
25252
54648
49296
71900
29952
63504
30136
24912
117232
60604
58584
97452
84256
56364
62512
54708
64464
72964
61908
59300
79728
114324
38952
55740
79244
66924
63176
58984
44932
49144
52656
58188
19436
60924
74068
23472
58928
73632
34760
78392
62084
45400
48096
33504
96728
81624
5752
69172
40056
47936
97884
58188
58492
77184
67964
70020
81156
18092
122656
27796
55472
90848
69960
73820
84108
42000
87900
55948
65800
103312
70584
37652
79584
85344
101488
23404
39348
92716
54968
84284
111472
102028
114804
21712
38852
78208
41660
117304
76152
81584
76276
48744
89636
92636
33220
43680
79396
20120
101928
87788
45300
83176
52124
73252
48644
32232
68928
69136
66328
75896
61576
73616
59676
53612
1160
31776
64196
44636
11568
83512
23576
38088
48904
50680
56932
57328
44856
87972
54004
63900
63168
10140
71268
16908
69064
105328
58032
68188
55232
52000
20680
37512
75884
29588
57084
70528
48096
67396
63688
75964
82832
86500
62928
58580
85228
65016
39060
59760
21928
55736
27424
32300
97940
52824
46444
58832
74644
80388
48532
51228
46584
59436
83668
90504
54176
38148
81656
100432
69812
25948
103256
83772
74480
7916
68500
23256
39832
44068
18712
54912
106044
49084
115820
65604
32220
21288
19844
132376
80216
79772
12420
67380
73736
38272
88656
77300
32328
34240
52564
129352
43248
75628
88616
44612
56152
78140
57708
22092
54388
53204
61164
78344
62484
48232
59844
43532
77768
42460
13696
81568
59644
58448
48576
66224
31940
89440
83756
54972
60648
35996
49060
68024
52676
46288
63260
28572
58904
57172
59724
49436
81572
73572
56616
46392
76020
95472
51340
30192
56008
85040
102160
46028
59708
55424
28064
86472
44260
84296
103228
40536
47276
115768
56840
42280
77592
95432
66788
60352
41828
71856
89312
20636
108280
31240
31728
28300
51980
43588
82184
64492
40160
55792
47944
43956
69128
39976
59504
35244
65432
21428
44788
57736
59492
102948
23340
63384
68680
84048
97536
49308
5232
27976
61264
42924
68316
65004
94864
31008
57632
67876
69884
64452
40152
86624
59320
76404
62672
100592
59644
68496
53424
64260
65688
33288
85824
87148
43464
54088
71724
40356
61496
79876
66864
80072
76860
92040
66212
22980
25644
64688
47120
89632
4908
43828
77740
36720
52888
22968
20048
84200
38340
47976
63692
61320
105760
74540
50204
97912
40536
54720
76744
25060
28420
56476
40824
75228
120804
43480
79848
70112
80460
79252
55944
67080
109852
25408
36260
52676
80456
10736
135636
119020
58204
80068
71628
81832
70148
29612
89852
40796
74400
796
41660
99536
71452
78152
64272
106880
60964
73244
55600
52856
85428
31580
38960
64344
52212
58104
39080
98108
79192
64048
64384
58040
44368
57292
28856
51904
45224
31816
42532
62444
26028
50744
32160
65712
92640
82380
30276
71612
88680
81452
6960
7420
37976
64252
100196
94048
34904
49680
55972
26840
93616
31632
98128
49676
47592
44584
64148
65032
50136
97036
61040
73140
62680
50260
45404
38224
56208
22604
66596
69868
42420
54608
45352
104596
32536
73636
83720
26892
82936
73868
93180
20060
89716
106444
123748
64904
56912
73376
33712
56192
52200
84028
48060
88180
76152
53188
98800
85336
32468
95560
3616
38688
54756
41796
67216
81972
70784
46936
62344
31580
68752
80124
110372
126844
87612
47056
49264
21976
74520
40008
33376
80336
87316
47516
70544
74356
102692
79480
35500
88340
32256
59492
71692
53780
44284
65844
76160
76976
40892
73820
119140
56060
62584
56036
74600
64220
83320
56888
55940
87308
42872
86320
106580
63340
50368
57352
42148
56400
23460
100068
58600
56808
83212
71504
74492
49620
49396
84648
45132
98140
80716
57596
69732
123764
67264
97428
57880
53188
31948
98916
108532
66724
80960
79976
47268
77680
69152
58768
35816
104136
58600
108032
46400
33324
35824
67812
14172
46020
60472
87524
88252
44344
50428
106712
106544
79748
63692
22308
46772
76852
31156
43776
100960
13552
50268
90468
34096
37240
65624
62312
33176
61500
54280
38820
82592
108908
25852
99888
35812
116988
134500
52136
42372
80240
78684
36852
67288
50916
61148
78864
54420
91092
92484
35316
54392
48932
46296
63584
103956
73108
89272
39924
51144
83988
52912
74200
51720
38712
24984
48164
50404
38412
44448
33316
60176
58308
73160
64192
58140
18844
22372
68112
50676
48388
77588
25280
67528
71272
50244
101288
32812
87320
49912
56412
84012
75492
45260
58944
71692
35948
58060
111928
91616
69160
44668
89916
124296
49100
61680
75776
38544
52792
60100
63664
59956
27856
74064
124572
61420
33012
66572
34780
66804
57752
64688
49500
64452
54484
67564
69808
41688
44940
86576
49152
60604
83532
59352
57360
37832
20160
56628
3308
55716
56080
19464
85576
63316
78444
77076
80212
25792
58252
63884
49700
60156
57856
100444
60408
35936
71216
62232
61328
92420
61760
78668
84876
29716
77636
63736
60960
52120
63860
73976
68616
57912
66696
36632
58004
55232
83648
98248
17860
55032
52372
39320
33980
66788
40572
67096
52388
59752
55300
50084
9372
19772
53368
58728
52532
75996
90296
97340
141100
66580
41244
32136
57956
43132
52584
17820
76304
79852
35364
77284
60072
57860
62804
75364
71028
63824
64216
36200
56188
25712
38880
39360
81980
67788
75396
19924
53784
57568
69240
83608
33320
78900
75600
30088
52500
69536
44768
61624
78492
58488
67932
47520
60760
56632
68016
74000
30380
90832
55336
9812
35848
117080
84948
23080
29144
39040
53624
70732
19424
52292
53904
47104
51952
32776
54928
4504
87244
82452
49712
30820
68268
30640
95340
75116
43072
47624
15100
80292
82056
55052
48604
31804
64764
98164
88212
71424
87748
54680
86828
57176
18508
37352
85484
138056
61020
28600
20100
48052
102228
56940
56676
73956
71900
23816
46204
34856
53800
100248
32460
22468
16948
93060
53360
37344
43912
74528
68580
58916
82556
62472
31692
86792
30912
20268
77376
68512
49804
108548
62948
14580
65928
46996
80700
68928
40296
52492
67632
86112
63592
92780
79492
59600
64384
89492
43464
11712
74140
31404
34764
32160
67404
68724
25468
97124
55128
24456
47264
44312
79628
76732
71100
149044
79520
52480
85796
55448
58280
11764
47736
86604
46844
52056
78640
54832
57824
75724
82556
53820
22384
105636
89904
45940
56264
75592
79960
52712
24468
103036
81784
98508
46700
47692
39800
62236
60204
104496
65344
54928
47936
69108
31296
38248
98360
55148
74780
68600
27920
16992
48684
51828
108888
48952
60024
95632
59760
59940
64540
92448
70568
59724
36628
73248
74092
36024
58372
41184
51656
52576
93524
25268
121264
70400
52732
80228
36888
81512
139872
109340
52092
60940
86680
80904
59152
27888
39512
69916
57212
62784
54688
83468
59184
99852
24184
51564
25556
60328
8084
79332
48264
7700
63740
63084
84632
58732
61280
81532
29572
87668
63676
45864
79300
81992
58100
72664
71664
43856
105328
43152
93064
92008
49956
55388
72032
104332
90576
84008
63188
78104
50048
38296
87760
39120
115772
80776
53572
70684
61052
46716
87888
84540
7316
69856
82484
44920
50112
93356
38232
68240
69516
116312
90340
74056
43764
93644
53108
68964
78088
55316
89848
45296
139012
45496
65492
54652
43436
88312
132004
50372
6340
62388
4680
29908
57424
46396
28932
72520
54000
38484
35724
35012
68976
39728
20696
74428
39548
17180
54600
36516
49860
87252
56288
36900
44896
42316
75160
42356
45508
62800
133640
42296
112012
92372
99744
21216
60964
41760
73352
57000
46044
50552
54472
69864
79968
69416
39500
118048
52196
49624
61572
67860
129920
26004
165200
71396
68148
77348
27772
41276
51832
23928
92668
27184
73896
61688
49808
94100
71824
62784
81052
1656
91028
90332
91828
32128
49272
28232
27520
84212
68976
135292
55244
39064
63136
45948
60164
46864
115620
91184
40380
38248
105152
62812
75272
121876
49608
98108
126640
65364
75044
65796
75960
81828
125652
99536
59700
79160
86444
64128
57536
30916
99512
79996
98624
64876
32352
46916
28668
18648
66412
76300
21536
31380
24676
31476
51688
55836
56808
77948
113496
61332
50052
87716
53264
41200
83532
57488
58516
53624
64004
151280
58172
92756
39228
12532
27268
63776
13340
34060
85060
69780
31008
3788
43780
65276
48680
75508
1832
69532
55504
34652
81192
52364
60012
118992
55868
66968
63868
53136
60360
49532
41704
59416
55740
39872
59184
47164
58288
42252
53364
52196
64652
59580
73800
16604
105288
77680
68784
82360
68220
90064
47024
63208
37220
45824
36024
37524
34776
68944
39444
67244
37212
52440
61344
27308
24072
30772
71656
39692
52188
86968
28180
55232
79740
52972
53244
36276
47396
55616
19380
32736
56916
73276
105056
43756
94860
60948
64564
49228
83444
67224
86952
128696
39920
30504
66816
57028
55572
41484
30296
57636
18804
46936
70952
34896
62640
59940
41892
51096
56072
66432
15320
20180
61372
50376
93184
85596
69900
31172
67164
58040
65284
23720
79932
47612
65024
11996
54788
33752
70452
38288
65448
65200
73856
60964
59464
52608
29728
54792
85276
50516
118036
39924
36864
27144
85792
71816
160880
55592
46660
62056
61856
67296
64404
64840
68492
71124
50884
60440
98024
60928
57144
72704
19952
95584
46880
60604
63108
38144
84168
10180
52572
51572
106588
49748
56224
91820
55252
82708
161008
60056
78912
46560
57684
52176
63384
62680
51752
38256
67144
81588
40296
1472
69192
73680
49424
47540
27764
69452
54192
61388
38632
50204
59380
82676
38288
66084
48976
53412
41384
50260
118284
83044
58244
48480
111208
43076
89976
84740
83236
51672
20720
63872
81356
83152
32264
59188
63328
61316
32116
29412
60844
63600
62068
50968
70808
61976
58576
26396
56140
115028
68784
48084
66008
65792
38800
82868
45692
23600
34744
75756
138372
48032
35884
51340
27620
47296
44408
42436
127456
43780
49552
73016
86348
84600
52100
58324
38308
79024
76764
81160
82016
57548
58624
76840
50384
36076
43116
51228
48392
118360
63628
26356
48684
42492
57752
56568
104480
62324
91652
31068
63408
36840
84144
58844
62236
69680
62800
78160
85484
56852
34008
63204
135688
68104
48452
82736
73912
61880
77412
55028
50876
69208
57860
34568
53144
57912
37640
58940
50164
80068
120852
23888
9180
79916
65112
60808
28476
106080
88196
138336
78116
57896
86660
6608
37856
70276
83540
10080
61704
70460
47160
61920
88224
93260
29084
46120
63312
45196
64840
53480
49380
50760
30952
71656
58372
62144
105544
63768
76496
41304
92556
93948
55660
55552
72528
41188
65948
22968
56308
40476
76328
48652
56012
65392
83304
84156
28964
52296
3168
55388
46696
57500
66628
81912
93396
64268
65176
69248
49116
74700
61084
63332
59856
39564
82484
48184
16668
47724
33384
56688
75216
42524
52092
24736
56280
23712
44932
28412
71956
86264
57756
96412
123368
68944
47500
77364
73544
54324
74960
96916
63440
46788
53868
34828
68372
51396
54828
61872
45596
56988
53200
111388
76652
32660
83372
76168
119048
72864
58300
25924
67784
110076
20560
69388
56588
80504
18840
112656
69288
52652
80812
26576
45596
52584
86932
130080
62616
68616
66064
39484
46172
71904
58524
57312
90380
38136
37960
80152
55776
49000
81064
38492
81756
64544
54464
81088
41892
19144
69148
53620
49984
68720
71596
89640
108272
43284
68800
38420
22548
97540
65036
56312
48908
49624
67832
27156
27888
43548
63676
75836
73580
59432
67608
43244
69252
38724
31820
23960
13264
32668
91044
48988
78336
59428
46684
68508
87872
85188
80536
38700
71480
75748
40036
70328
1200
69028
79008
56740
87296
70740
61176
102232
44960
41696
82092
70896
59324
106860
56580
100368
93376
33748
61688
63588
39472
89128
78988
71332
8468
16108
44708
42196
75420
89352
127864
86828
81356
80180
45968
39548
75584
98036
73384
99160
28248
64876
88884
64180
58068
66640
58176
32612
100568
34744
61300
43420
63484
42068
49988
69136
121320
1100
80988
70960
46696
41184
66324
85636
56476
86480
100584
53360
52192
73952
129464
70572
26548
74516
30164
48792
84856
45248
68908
82204
120592
47516
49092
51528
52684
75952
133576
50160
110416
38656
39156
12664
44764
69344
47752
72304
41988
77872
18452
16976
58304
66196
35124
83020
83384
59736
34556
46752
104452
92064
7176
48088
64160
66176
62376
39596
120156
97724
21876
43968
73444
7280
47948
54348
56716
92536
58788
54800
38304
69792
24976
100240
55580
40464
110596
91876
96420
60136
32064
47612
42412
39596
78588
57176
65140
74296
113568
56344
70048
70100
52764
63088
8596
55140
50428
57648
70204
54008
72364
50008
71588
55812
57084
75840
48300
43344
4284
50692
85912
65364
56624
29432
12112
52024
50516
53084
52296
55816
31668
66952
71184
67204
117372
60328
89532
77852
45416
40116
43524
79784
80448
151240
77620
42712
83440
111340
62000
44648
59148
72256
33188
26940
64288
45160
72600
72132
49604
29032
38656
78344
85228
81652
56252
46980
51612
123292
20036
54204
31056
27564
44664
53788
111264
51940
64352
52992
41584
76368
62364
81200
113028
76288
116084
86836
23944
81748
81384
42408
73956
67208
32060
65296
36204
54392
60196
52892
76016
51796
42888
33120
22380
78072
51120
69864
55988
91860
76040
60184
61236
52252
48200
64552
53440
65332
70096
63020
42008
70076
29548
51024
47296
12036
65756
123260
89128
84060
9256
53816
54372
121744
57196
33640
68292
55564
20400
52972
90188
28580
40052
119608
38052
58060
85060
67588
19336
38488
30936
106580
61868
88636
68556
59564
66032
77192
76056
69960
114112
63044
73400
28500
92100
59728
32716
44792
74264
38120
74092
70880
72544
95396
23884
69452
72620
53024
50920
99464
77452
56128
68996
57092
43376
49988
28144
99876
103716
70740
50188
37376
31908
92612
63164
24368
49116
77552
74328
32656
74704
57676
81660
1548
61208
42724
95812
54116
93340
55900
50576
20776
54256
31760
60344
52088
2292
57880
89920
73508
87084
49012
35404
45952
53736
94308
62912
70780
42656
38720
54676
73720
68448
111564
43488
90240
82184
65752
46288
21520
46440
89460
40748
44528
86808
57904
92832
31896
71392
51568
43188
88132
33884
102896
78520
31192
56536
75844
56256
32068
69696
1316
130736
64140
65424
33972
104148
70216
68920
63040
3088
120032
49184
54464
75064
43220
26360
51756
92340
51656
24492
50140
28524
65584
60896
87688
131072
89508
68432
104256
129248
62088
55792
37516
47464
47216
46424
25924
83144
96012
138780
50484
26112
47660
67980
31312
106080
68276
72520
57340
75976
45208
55340
10068
80252
45368
65560
67144
69780
65424
59368
32300
10480
21516
72324
53264
96052
41964
59136
117556
15364
51916
72436
5516
48144
107144
40576
89896
42280
33988
37636
31204
33392
92248
97820
44320
61468
38088
44312
49252
27664
50392
60172
102968
79308
46100
73904
62704
61276
66096
52192
57568
51192
91036
76128
51200
81240
44904
43952
55092
53732
45352
54640
62372
59500
35860
30148
63784
52032
55972
51536
32172
58568
67956
52144
39120
43452
59116
47796
40068
63172
25456
69520
119552
81368
115408
79296
91556
39208
56664
80872
33356
20256
90252
49896
48836
41496
108216
114496
53476
70064
69944
52384
57484
20176
103464
90572
35220
22400
39452
87916
47696
80236
71696
63568
20628
61040
61456
58224
62916
39396
67668
16336
62836
12476
53780
89688
55432
57376
12924
56388
30776
96744
39728
46072
22884
27320
91372
60624
68288
37612
66876
65812
70100
54872
94320
59240
59716
90132
69400
114936
59796
94028
54708
85924
49340
55848
89748
107732
46372
79800
87756
70584
61908
46708
59872
17228
75888
105632
19884
93348
64004
40408
33356
23724
28336
98016
43212
38472
81732
58060
54348
78464
42824
43756
67608
34012
111060
70460
109884
85388
43164
85228
91512
75732
54504
42440
43384
39492
74600
62280
70096
70488
55180
57436
67820
5148
66944
59724
34708
66592
44264
60424
77400
40312
54592
100356
40904
57332
61348
68544
129056
57036
55484
59256
67276
25912
73076
50800
91912
43380
68368
11928
20836
39124
87008
59588
59452
48732
41044
66588
54944
61912
52500
99164
75648
90740
59428
32976
60140
74324
45636
55760
46520
49888
92456
44976
42192
29220
46556
75292
15356
39368
60336
30792
72716
56588
54560
93612
53784
73244
153508
75636
62324
104164
123604
56152
72192
59780
86100
92168
86544
65064
72864
77220
78600
45176
51336
83160
69152
93848
56440
47280
61048
25132
50232
51820
97576
35112
43568
63248
82924
28172
16952
66888
37808
92304
84420
60076
39696
50056
63676
35232
37584
83920
14460
85032
101924
71668
55228
64232
55224
81956
54132
78128
71680
52388
61996
50156
122892
63404
92480
27204
82824
40764
56604
79184
96816
35156
77092
51640
64888
97932
53768
82148
50112
52832
56696
50616
63404
75912
57080
39444
65228
24304
52136
68212
35560
77012
67432
45132
80224
44468
43836
52352
52468
67524
108220
65596
83704
73128
77372
61160
44800
63872
80384
43660
34404
53460
57836
49508
56068
54596
116352
39708
87900
60440
35672
103460
31780
79884
34364
39928
79172
46860
94428
38436
47004
58180
67896
41440
29912
114348
100560
105416
64456
78524
59084
54332
76936
36168
20564
74972
104560
86800
49196
44616
85384
93376
66060
62740
104016
41948
25004
4388
94464
46488
66796
78092
81892
71984
37836
9964
63408
31948
85716
65916
89816
44776
61536
84044
51888
35964
71920
41724
74464
91812
87468
51640
30248
36456
74504
48596
78000
50076
69020
15136
66952
58860
77832
53996
47308
73556
107660
55300
57428
63304
73408
54180
60568
77708
100316
78900
38912
46980
37632
66448
24316
54204
91792
55364
49828
115036
19456
26348
49352
43432
95340
43204
67928
66776
85332
41272
69392
35068
128900
81344
40544
60544
57880
76108
58608
79164
69356
45060
66212
39384
82748
21640
73632
40160
121496
65324
26036
2380
74644
76796
63600
92984
104280
66144
61664
59308
28536
29248
42080
73080
29500
40104
146788
67912
57916
88964
39440
111568
43304
78892
59736
58248
40628
69492
66216
57592
74780
20420
83600
15532
95776
63256
45036
26612
63900
42492
55028
97380
39464
128704
61304
57588
53368
86872
96004
64784
68712
31356
70320
52144
82428
109592
6672
72260
48544
41712
23804
31816
36484
37428
52012
57676
38468
37464
62384
80948
63216
62368
59764
86476
53044
72624
54100
61344
56088
63612
26328
33612
31524
37124
8332
48060
66192
112724
71188
34272
26664
41064
87560
50548
79244
68160
64212
76500
60308
124092
97808
85820
33900
49192
67928
115324
51160
81196
52132
74068
27816
68608
93592
87572
37980
38488
47008
45360
94996
54584
28148
65428
3528
81724
97476
46420
59148
56252
70948
68196
59128
52540
89576
60460
94108
79484
30056
93084
59112
77364
71144
51892
37560
105856
33856
126028
70992
49192
26508
55824
54188
48020
55628
69092
23320
28932
43464
38532
77168
58440
73632
73108
48204
79792
103020
9920
56320
46480
74980
60172
46556
34224
62392
121368
44456
23460
55940
71472
55768
62284
56256
74420
78172
79212
59444
85708
104896
80680
78660
53240
36964
55564
87652
70380
27560
56084
131328
49632
75528
96364
56088
60648
24180
75616
63984
107152
53104
67572
43576
101252
63280
80856
39872
80764
21292
70080
47912
105656
51048
95152
51024
74008
42560
82196
135136
79676
46092
19228
110424
131528
81924
57168
48488
66304
59868
73156
74328
48040
28412
120080
96688
100416
77480
65080
62612
101856
54328
38664
49756
57044
58608
78160
65444
3964
45672
75232
42568
49420
56092
50208
12188
68256
66044
3872
74276
61776
17412
91484
46124
63216
28100
12140
71544
67988
87868
54164
77356
161040
52336
112704
52216
55876
72072
94812
26252
127944
93800
48964
59532
67700
74744
80892
32732
48812
10512
83324
7836
58440
57672
52708
92280
43736
69212
50052
68888
64340
64252
64028
49092
42856
52864
51288
57672
116308
51484
65500
74928
38692
89636
55112
51812
36708
63308
50984
57252
55220
47008
78444
75080
75172
104288
32436
59028
46332
54320
41188
39892
24160
45868
92888
88132
146488
82208
94328
47480
53512
72260
50328
62916
33444
47692
59140
13928
23624
41892
34028
30316
56684
82080
70764
59028
33100
113912
41268
30908
92652
63580
70552
25588
64400
79024
36056
55008
53680
75620
64232
24476
49756
51180
51360
50996
32852
38808
49636
86132
72256
83704
78144
56904
49356
66952
20076
12708
37376
95464
36548
49264
42752
84816
55904
77340
41032
95988
52468
54168
106936
44864
123348
61036
25508
66384
69768
79352
54388
73108
46176
30432
98424
62316
92220
20816
69468
49900
70748
64776
61056
82528
44640
68008
114872
75040
76752
37040
72964
91060
46400
46296
27192
84968
48416
74460
54420
74456
43960
95920
60960
81464
110540
75680
67292
34220
74960
34440
123572
123040
57544
31352
64376
42664
72048
68076
3404
56228
47076
52552
80108
35964
75016
112692
40592
48432
62744
88416
49248
103636
99152
56984
52300
79520
50856
93072
87276
84320
24780
50352
105816
42552
83488
48624
5248
65976
64348
99980
50108
53992
82548
69188
49844
69956
74992
80800
69216
71152
84312
42688
33528
35132
111920
89844
75420
85396
95416
43544
68340
45532
88572
92200
78704
51480
72784
52952
43224
29084
103252
42560
45144
74740
56948
67064
117268
64228
75908
53388
26076
31644
104548
35152
19340
71016
26760
48956
87332
104208
6476
80124
63752
88892
75316
55180
36928
60344
53832
44216
80480
13524
49432
24552
624
53100
51112
32768
73188
48552
67424
55292
88540
65084
61448
45140
37616
87976
48460
85292
81160
63780
23208
76832
64740
106372
8464
91108
101720
114520
133392
67360
44624
44252
34688
69792
83776
17432
56708
51076
73516
70732
35648
89488
32416
104712
71308
60960
56128
26960
55160
86240
78476
60860
65296
32412
44760
46928
76224
41240
93320
67784
52644
106596
42032
38856
81168
62180
62844
864
65388
33752
76960
87872
115788
73608
50760
78588
76732
106040
43276
87252
27812
37916
54264
69032
40992
86604
90156
56892
57212
40208
39888
86016
66796
79064
66680
52168
84756
32672
57708
89692
38712
51860
72652
60328
69324
74260
108808
57448
44212
73588
81100
39508
96680
33248
44676
48656
44884
38144
80728
50516
51492
41064
64980
20920
27300
60880
51316
65444
95732
74860
50276
52336
72704
69224
90196
67136
55936
7724
5240
58560
45212
109332
74884
106912
46920
22028
57368
89896
92668
56980
38056
55532
55652
58596
97916
49308
68644
53364
66464
42912
62456
81436
71272
60548
26272
5432
54192
105368
59032
72144
37212
62280
48028
88772
81600
62140
1868
56816
58340
79504
51000
20344
19708
15740
46472
84160
91700
59740
49156
82520
52304
44088
63632
64032
48076
60176
39456
61960
32736
72808
58236
69020
52172
17216
62372
81004
133496
54220
31208
92356
55536
147040
65764
82972
34168
45548
41236
60088
53596
47012
67204
53572
54096
73108
33488
50172
86864
135148
45708
33672
44568
68872
31092
136880
76848
79208
52732
100896
42444
79060
61756
24396
37408
85116
71704
43984
12316
67344
52916
40524
127988
75456
84044
124508
40464
54172
115052
51412
64944
14328
64904
37888
53308
75180
82100
54388
35628
128752
57760
59984
27968
63680
28816
62400
83456
53444
101256
60716
98500
81472
81272
53812
102912
67548
21484
78760
46924
53272
27808
58984
57460
82580
68620
40148
26116
58432
112276
76092
30384
50272
32100
64848
102060
51668
38980
64516
151064
69032
64844
65948
46076
73212
116748
96200
58552
75000
68792
34724
75444
65448
56372
50044
55380
79136
114236
93904
69908
46064
31984
42584
89644
61560
104112
79332
44008
116824
25620
45244
25612
59488
49136
76480
83052
69292
45592
111700
40680
40880
48408
42952
72300
87028
91580
68296
14808
60808
93264
39200
31632
58136
30408
47156
110264
54976
102364
42996
18792
29220
75488
67492
74680
67400
57276
101340
67856
80820
7596
20920
56308
68248
68664
51144
57016
72564
9204
50664
47360
52344
56132
39348
57004
84848
49688
59576
46568
89908
74560
47308
69184
70984
73300
62492
74420
40912
93452
88760
67160
52024
99976
60252
47112
85568
59544
71336
117240
85568
94848
104580
98888
75596
40980
56260
54508
118040
58572
96220
57228
42972
51412
65488
20508
17568
93556
48736
34468
69648
55540
83864
56084
104164
40340
73680
39100
46244
56508
68768
86416
65080
54684
71428
92596
51776
40120
93156
81136
34224
28732
62928
12076
73848
127876
37612
49764
62424
84820
70892
49364
73400
34680
69384
51368
94520
31516
25684
64364
53768
45060
99048
80416
50328
86864
49180
10984
75016
67844
47388
73180
28432
83800
78404
140452
95224
75416
74276
23480
90848
114568
80564
64356
54992
57284
92172
46476
71260
86888
49360
64180
70160
121180
54280
51244
74368
45636
61028
63496
74560
30180
60784
37876
58984
71684
52804
38932
55532
46484
53000
65500
72080
59804
30928
60048
60028
44460
87996
73384
49476
48160
56804
62616
53556
76924
131108
60428
54968
59112
64200
60808
1364
93904
86140
52400
67940
66208
21216
69748
118208
70524
64304
40240
62848
69044
64764
57556
115640
52184
50400
40500
93032
77460
47468
54300
80236
59320
98132
69080
83756
63656
67576
106524
54500
36716
66092
60440
37536
20188
89416
14988
70892
55716
65592
101896
89156
75820
84872
55212
14840
74092
56256
70536
57616
79228
100144
74580
65220
72620
48288
55444
77272
41932
33992
87704
61636
48944
81376
58868
41488
46144
23112
88720
30332
48280
49724
37852
20032
82256
26148
52776
81768
57520
78900
108372
32088
58032
39864
80300
56208
43612
34372
50404
94856
114260
65172
123264
50368
72208
88812
59556
47336
35340
90744
69432
69876
35548
57280
2448
72116
66024
16436
75692
63200
77444
51704
84740
119880
65592
23928
45280
69568
34504
58156
37416
65764
44144
61496
74300
64584
73276
72484
68552
70864
48360
25424
73304
70216
78380
66796
73176
80188
105088
49360
71340
52772
56900
63324
24404
70924
44096
31172
74392
22236
123788
67116
50956
42116
103328
76028
46984
61532
63704
30724
47436
28688
87892
53004
50576
65360
120504
46348
66984
78660
51280
53388
58288
115448
51708
80028
110184
54976
52564
95272
77452
5704
64904
71500
27124
48244
97996
70164
12752
61592
144560
58544
66872
67412
88184
126216
90828
67156
8788
67952
108948
56628
45816
42292
38084
54920
992
78512
37024
3812
60592
71864
77412
53372
42452
14352
54476
120856
80508
86908
53448
52296
62756
79184
55448
125752
72836
78604
79744
83156
67260
50276
48596
63480
65344
71996
34856
44224
69008
78700
40076
41476
38048
75644
73972
50352
50796
76936
65976
74440
11116
111888
27104
69464
46572
12692
50404
44092
36556
54336
65864
44888
22196
59908
35940
45044
124932
62188
57532
77272
46456
34324
36188
31228
52036
67452
62740
70952
99048
35068
79492
40432
42576
107988
67000
37368
86508
32736
57140
53936
38508
65348
88480
41472
50344
87628
44872
30500
61484
1280
70420
64896
89276
41540
68724
94452
83540
72960
63688
24824
62412
39688
23916
26676
46796
38316
62584
53672
67320
61596
62340
36144
41496
55164
82056
70564
64316
51920
73088
55932
68360
81156
76296
73664
42908
68180
49972
87736
122300
69724
89524
98856
72644
42520
87776
61316
3732
62780
31716
85972
76952
52580
50972
58344
32372
25348
41832
64008
104844
66668
72212
25388
74464
23992
5240
57512
80556
49800
81164
85588
50608
79900
60476
124776
70768
58548
46680
85324
129068
63024
25296
125188
57524
148724
106888
45716
74528
44028
45344
48264
78080
55196
73580
47064
82920
75380
45432
61504
49456
64036
97540
76256
46036
45720
66040
69480
91620
39372
16308
65636
99164
81360
64216
55568
54012
44300
58080
39028
54076
85216
68616
49760
48448
44956
61896
74392
24752
78100
63060
23072
51852
53060
50400
76768
47016
69788
54540
123864
64712
63604
73452
63892
51280
73864
82008
102188
50656
69588
66644
93548
57716
52152
83884
42088
41792
34396
108888
34152
57820
65144
62236
104748
68304
46772
95424
60988
61928
23140
78156
98116
61968
48388
91072
30504
64616
71864
46056
120924
23884
66372
67368
67204
57868
78668
63180
49312
42188
86612
71564
81220
67904
53004
69240
39148
70864
53384
119648
54288
45152
91864
45836
68884
57936
22168
41996
29860
44504
64420
106676
30448
74060
2460
28228
59128
76140
12368
61016
35320
52864
84348
89732
59196
109248
102204
65088
86040
136032
96204
28452
52820
65656
57976
74296
75096
96708
79976
84556
72596
39636
73820
45828
35244
98900
122424
56396
72608
50736
95716
52516
55784
89728
45112
92348
22176
88620
27036
24464
34896
45992
73524
93932
58108
28800
50928
76912
86708
71436
64656
157688
72152
46724
58160
47304
57704
53372
45380
26624
81264
95112
70400
66868
71152
111188
61500
58648
59128
55284
39380
46696
53972
56520
46384
51276
67772
95548
124208
111816
87072
68984
47600
27480
40436
36640
72612
72248
51720
45960
66384
39760
54672
75308
48200
49452
114024
36828
33968
32156
100516
131704
69068
50204
62568
106932
53848
82844
78556
42732
92332
42144
56676
12616
53748
88768
42720
72244
49404
43268
46308
44340
49768
53128
52292
49644
81344
45552
51388
81764
85980
43860
44616
51984
59580
74564
58332
58612
54848
139056
54612
39896
24472
102608
96148
62484
59412
44576
117068
57096
56220
67112
73476
22228
81336
55224
14452
67072
44976
42812
63164
38232
61668
51160
66500
35640
73424
51640
46244
58444
60736
44428
55580
71140
63128
56916
86092
76408
22952
81296
55852
63312
44924
64552
45376
55628
42920
51356
98056
104064
76392
77540
86040
69576
86804
87364
29332
65904
62720
55508
74096
81072
74600
64348
130416
70476
85432
65348
95188
71984
88348
71680
43496
106572
55720
66244
91572
81792
121932
71224
71924
23876
67128
62304
70704
77392
60032
49424
62672
59604
60680
118104
42484
45008
90004
119368
95344
71712
61076
72932
105316
59728
79700
56968
94568
109480
121188
83932
76088
97816
92848
70788
90432
58724
18640
76252
46112
47320
59872
75380
52004
87608
63564
101912
28952
58428
30016
58024
45776
88980
95996
53880
54164
72204
59612
96132
51632
58548
31968
68304
93296
111240
49828
48376
62508
63168
100352
31136
33696
79532
60084
32276
73020
68372
81824
44892
60480
33796
58236
160052
25228
90112
38752
56820
75036
83588
64420
53936
64480
74944
69272
39428
54496
60000
61408
42480
45268
88640
136444
67628
42340
76148
55576
75052
86076
73284
64576
107820
62640
46296
45036
51984
44904
107280
71208
60816
48116
81232
29076
54748
53496
50976
62028
56160
48380
60184
47208
67956
7396
58040
50296
61348
76736
57704
42320
78884
63388
30584
103636
40000
67500
61260
44140
95520
49268
58252
61108
60856
52892
32144
82928
37920
81280
72192
81104
97664
99392
55412
27068
45984
100488
67956
50448
49292
50136
63576
51208
50912
56780
67464
22592
76572
56428
12104
80836
57092
128576
88532
34076
65776
46084
3912
62232
81296
59620
76264
87580
52812
78836
49944
49804
26900
99912
120064
96408
51856
57984
97204
29844
69852
92424
102728
60004
75976
36912
53704
105436
49524
91672
49536
73528
70528
39804
93192
81540
67236
103968
37652
51300
72940
73240
65372
53364
47640
67444
91480
76204
73244
49264
53844
62112
66912
45920
52404
49728
51340
40764
49148
58960
67368
70444
63716
82300
45588
53440
68032
40428
64872
106716
64272
69944
45800
41468
85256
66288
54684
40356
59044
39680
56640
57248
54896
76992
43380
51592
60028
59320
62520
39184
77172
65108
53676
129632
89252
40936
58296
99612
43808
81948
41344
48412
85648
32256
56372
77840
65372
68552
59136
67660
54764
76180
62000
45596
65664
24704
64084
70100
90592
58788
73292
52172
81156
62724
56424
74988
67956
62196
51932
70748
86136
51644
108924
75888
24216
55824
70836
72284
74456
114020
29124
52016
88188
42892
38220
49240
32576
62152
92884
46040
76116
49796
54644
59464
55828
59024
53692
39260
42732
65244
68484
69224
6816
55212
104544
73856
87228
51160
68896
48564
90948
41704
124332
50828
84068
40028
102812
61236
63704
50108
57072
51484
69148
65892
99608
78296
51252
89864
65892
105852
35812
60428
65260
79204
22120
57708
65284
69216
884
51336
60500
61604
52240
108488
61524
45796
51824
74664
51868
92552
72328
128820
44188
80000
29180
68120
55012
88172
33976
48464
54212
72396
41556
96372
44708
53488
58580
71000
67476
102092
32580
100444
98428
74176
74000
34868
50400
87564
23244
52148
75696
60740
28712
2956
43036
85352
41660
96508
67380
84380
60296
59668
59256
58004
84440
63856
77308
54804
37840
50164
111860
32848
56972
58048
85700
63520
39648
29760
27392
29560
40176
48792
76884
77168
67424
68760
56604
65640
44052
46660
63040
52396
103588
61304
56536
96356
61648
43020
36824
42828
111308
36132
35144
60448
84880
44236
44344
105140
55304
29080
31480
77440
102896
55584
80476
69788
69060
72624
32976
77932
48576
37004
83704
55420
69176
83180
71056
23396
81728
56784
39624
64828
47684
55056
99400
34816
36112
50664
32724
51600
68596
67128
67244
124148
56332
104808
45424
38264
102376
134620
109748
82160
54012
40876
67192
68956
71572
56080
35980
85384
66472
136716
72800
64192
57148
51632
126864
64840
47652
87004
64012
55516
56396
43816
70040
57384
55564
26620
37824
72536
21324
77852
43060
56632
69796
87640
48924
79880
56852
52688
69756
84784
40628
47928
117572
69812
48224
40476
57228
24080
30688
103800
49824
55120
62080
52752
38404
71012
88756
35888
48488
77896
80008
69384
89856
83404
127572
93400
73064
68304
45096
62572
100472
72620
73140
97672
84076
70900
133024
63008
68124
27540
100732
55320
63664
57540
69156
52696
65020
131488
75840
76956
56016
6480
32764
59644
86044
130688
29144
59256
36928
36020
64660
96696
105256
48288
36972
45676
50732
25896
32388
72496
64684
76708
129252
60484
53948
51840
4852
86348
62400
80616
60892
40136
57504
46036
111580
65664
66364
26356
38784
68564
59752
69372
76304
49364
122924
58944
61380
61576
23376
63404
29608
25776
37584
67048
77688
13524
76564
45356
33028
78728
52500
23592
71092
52672
67456
91308
129060
28144
42844
72868
84456
52972
72640
81640
84668
82360
63824
63036
22996
80596
120080
72552
66564
71840
43416
41684
48900
55916
59972
57948
45708
57076
84064
76340
100320
57108
55904
74588
79656
44928
136116
71644
83776
111560
72760
59840
41532
59764
2996
49400
63844
57220
85968
75028
72340
98032
67140
100608
29004
46832
69384
61096
22972
44748
49484
56692
34800
82900
114748
20852
52512
34540
68428
44612
57396
57856
117216
74372
88004
53592
50796
57436
43076
89964
10504
119320
58568
57340
139664
61168
37224
66640
28432
53924
2648
93308
55052
24220
36580
69368
69500
53432
82144
45812
117056
70096
62984
62940
26612
59548
44136
72640
4252
58020
26208
56112
69176
75372
41828
26436
118412
117820
53336
34284
104892
86184
64200
37972
47476
74548
54608
59248
154312
66736
9876
64628
73712
125160
35640
86272
62024
65100
44032
82684
61032
66732
76688
85556
65636
131976
69984
77692
108720
60256
56808
56732
77656
29784
67424
60388
41956
61812
47540
67792
38320
24096
46196
95392
72840
60728
52468
70400
70228
75840
41960
83948
111720
380
83080
35784
56412
60152
95860
67824
67468
49124
44100
50472
31740
127192
47296
71012
66096
24440
77544
91152
35352
104208
70468
48596
66372
89968
69972
42260
114228
111172
66452
45308
32124
56120
61176
63476
28748
16268
99904
80980
94344
86180
33532
35048
57008
40284
42008
40152
77828
68884
62968
66644
159352
89100
109076
64452
28852
38128
12068
54148
56576
65416
13560
52512
53804
59308
48140
34172
46796
94980
48740
36036
72404
55244
86700
52400
49068
74244
62392
55972
53400
88252
44844
146448
88716
58940
104920
94424
43412
248
43500
122924
79324
51316
32740
56488
97080
31540
65044
23968
71032
81424
83268
47772
115372
56740
70088
47792
52540
51572
75820
63092
75092
79048
64272
73640
45268
91252
109180
44824
57828
82428
84548
55572
150604
60984
63640
45052
57012
67348
77360
79160
3520
63028
75980
65492
78788
77016
114124
52340
42500
50352
99668
67220
80992
104092
53460
25252
41096
73208
82172
51840
70880
84088
57488
77048
43636
79948
68440
81124
49516
57080
71504
37120
68456
95360
113024
62904
100476
105892
108848
68348
35664
170012
94968
548
46560
113240
52536
66420
36692
103456
62372
37484
44244
47144
59024
49516
44368
33456
81984
73512
46576
78856
51936
88416
43560
48792
59448
72264
48872
32000
25684
80248
69052
80412
117084
23176
46308
14100
704
65556
63832
32648
43088
39964
111756
34632
109580
62244
87232
154920
50592
102716
80188
30592
36328
35828
90664
7616
80736
57400
57492
76364
4584
99296
40612
142460
60544
69524
54576
34888
49320
63568
20368
67652
69236
74372
20512
110852
94196
62944
58612
59144
72264
90268
79996
47976
58232
32740
58864
23032
48468
71224
144424
45180
72120
48056
45760
74476
80424
48200
115508
63528
91648
62564
86940
57680
96364
73860
41544
61552
54588
18928
53068
54480
58840
76248
49576
62280
60268
98996
62104
34304
101580
44060
48584
58400
88636
75900
84128
48404
77108
53884
53824
78268
73004
126016
69688
76956
74448
80276
95892
50152
79000
52632
83948
71832
92708
10704
26164
38856
59892
60052
63016
75148
37512
44068
44220
107248
54700
62256
80764
40348
22448
58276
39956
69000
27012
37780
55900
71984
59260
81300
49108
96656
67464
98356
83532
68692
137808
77312
52720
59364
61372
63380
49716
45092
80156
50728
110860
57008
79672
48876
67980
52236
47156
76712
98088
42988
55480
65456
102380
75080
33904
81076
119128
48416
8460
76568
121680
84304
91804
97956
73716
54268
58788
128088
83736
48160
8380
60136
1768
76108
62712
62604
33084
72636
110636
51124
33328
83500
61000
56268
82256
32752
91580
79060
18764
40764
42272
44388
80312
23656
71212
80780
33860
75976
48748
78908
53840
57516
111496
53396
44268
67148
59928
70076
50748
5216
4256
41556
42556
33424
80208
79684
95304
27768
29184
48908
31688
74020
68020
65040
72720
43064
53752
122972
35380
55576
65348
98428
2032
83848
67384
95656
131008
46812
42880
48792
47472
4304
61764
15364
32224
103404
79844
61152
114440
53676
72324
22964
77816
60216
74876
65920
71084
87960
29020
94808
34056
136112
64336
61740
31024
67624
69880
27944
51152
49780
62480
62416
104488
19480
68792
34904
64724
35244
69424
46884
68360
68260
55352
79444
49372
56016
32948
61260
56488
102684
75852
80652
74796
55540
86036
47096
87644
64624
61232
106904
51448
61288
106144
18108
88416
67792
74688
80824
71644
23744
72164
59864
58000
95324
35104
85100
6624
105924
40064
77584
51652
46136
61348
95836
98736
107460
36028
57700
39544
51460
67808
36136
73664
94964
126488
49360
54720
86904
74104
42560
35440
29448
56264
85316
75544
79836
16608
43448
24176
56096
77872
56156
44032
60300
47004
79376
93684
49128
45332
85008
62500
51952
73684
61120
112096
80544
110392
82780
74000
66404
58708
56352
27912
21860
40312
66168
118780
103188
62052
57316
71008
74544
72348
77956
34872
62680
69068
109672
61336
82772
82656
77816
82088
123104
63144
62280
54940
232
23756
34668
82432
66552
40964
50956
68168
73780
75940
131628
93180
59584
37516
20552
29656
69668
68268
31476
64156
31240
70040
77848
94936
74544
50392
57944
34372
80944
29804
65912
53252
96668
52828
36700
106448
81484
46060
54244
71620
67312
1956
24776
52132
65684
45804
123728
95376
27656
55008
52228
40304
60384
50160
78484
65672
96268
27104
54132
45940
133708
39020
63816
46888
116840
112036
32664
38776
52280
50440
72912
73864
96352
75900
35576
64864
55296
22752
61204
34140
69816
49048
101196
82356
55316
62636
77080
30008
7024
71100
119348
47280
44880
48840
69636
33052
55976
48172
50512
67144
47080
27112
34788
61488
65364
97288
83956
29124
43940
64288
85104
42880
46588
90688
67216
70800
102880
47128
51292
74884
55064
53856
92692
62772
49680
2712
29460
96424
71516
53328
66856
73224
61128
57036
70424
17036
24836
62796
57448
49044
103968
38376
31844
29172
70852
37732
81932
45200
145976
118576
52708
120236
62412
73540
69764
63704
40824
41532
84136
80540
113652
66824
41408
28784
45940
123872
95840
70468
71256
44612
36300
52240
102860
67356
75320
73044
58048
68888
51196
37488
80484
62692
64956
60720
90572
77468
48008
63740
82676
58488
62116
46988
101544
44232
113440
30692
11940
86068
132488
86624
99416
46416
49576
37304
47024
49488
64972
45524
31616
61320
51284
70964
79204
134444
60884
65144
64684
79492
79600
55656
70808
49448
55404
54320
46148
47124
94908
67652
35764
76260
111292
65932
29244
63236
58888
75544
31040
1044
70900
972
74764
119684
53028
95476
57136
65936
58212
49496
84924
114680
56788
56084
85268
107084
39128
56300
58708
79924
114636
39328
63000
53092
78312
49832
63224
67640
69136
54052
77992
56880
40144
106824
82264
21756
49384
127604
63728
62736
42756
33436
63884
56868
77908
56300
77524
47524
96592
34348
68476
46896
97312
68440
76248
60592
61180
71424
58120
50160
83656
53428
81020
76600
39756
57316
67716
83944
60464
38276
44944
65428
51484
39132
43564
29016
30196
38596
58624
141500
69684
80344
38980
86460
1484
86636
97444
121136
62360
30116
45400
60508
60084
63288
58176
7672
97948
91264
73904
55292
68936
96952
56500
65016
23948
54376
50352
62228
74352
62736
66344
51120
68168
63868
68876
81372
74580
51852
72296
51088
103600
66928
69364
51856
93824
29640
17424
44956
81240
45584
35520
36848
61204
42160
43532
27104
79940
64720
73516
64540
32544
66028
63732
9148
64656
32504
103480
122716
81592
31692
48572
67780
41880
66876
24844
54460
42748
62360
64488
109260
28160
78848
48120
37644
33688
92936
30880
90212
43564
98004
61512
73920
17496
49144
65780
63600
73116
18416
69724
62544
70172
78900
125016
55112
47056
118024
31832
85736
60696
82728
50212
69644
71552
58324
69968
64768
52340
61780
49784
36396
46472
142528
64856
40992
132452
70260
127308
49296
45372
42668
100668
24648
59552
53796
53144
85328
38908
66488
99092
24204
129684
86464
66468
80772
85480
136740
78688
64272
50504
106252
57400
36792
79608
52692
68568
55776
49156
76452
115460
61656
49164
31936
99008
85272
147308
56444
84636
52900
88308
102040
12692
2968
111548
36248
69692
44596
48856
35896
84312
69884
72136
55232
84324
50980
47520
41628
36980
68500
80108
50132
123196
95256
54288
63816
19352
52676
58760
56724
83516
62716
77004
63316
54232
45740
66832
74516
25348
61276
67056
42100
59516
85200
126264
71308
80232
59668
96060
84544
120272
38520
52444
43132
111628
76552
86064
88380
44884
49784
52736
100340
71584
57356
75768
84012
55308
58660
59968
59072
65832
44796
27680
102552
61956
51356
32844
2820
86764
70056
104324
88864
99368
101128
88044
67828
103160
50544
44016
64356
67384
62792
45052
43628
65948
59864
65736
43828
43312
51224
66024
54868
67576
61520
69172
40488
97860
77300
41168
43248
62112
59948
40356
79196
53156
102132
63224
131228
77968
68056
66520
85312
95260
64144
54404
11672
44584
58488
32644
54944
66792
65480
56948
93432
36652
67528
44396
30084
86720
98640
44092
55852
56644
82964
55372
62240
44980
67412
60488
67896
103588
54716
34196
89080
76788
38580
59748
63412
81844
81936
77396
72648
13588
11256
78260
49524
118072
47828
59024
29956
63924
45320
49548
64460
146624
72128
65600
43372
76560
32500
107348
31484
27992
94048
47788
65432
78272
74328
67132
80748
41112
37680
77000
59544
44576
117276
87076
95076
63960
27108
46808
48740
7300
44856
75296
26336
54568
60744
53828
65184
79388
63904
69936
62676
74428
114980
39008
65524
58204
117692
68284
78712
32320
47504
46208
27872
35264
28368
30504
65064
69980
47292
63628
61488
41860
21368
30692
46316
39172
34940
70392
78800
117920
49572
60432
54536
47364
53732
58952
77048
52084
56248
98744
73600
56252
91284
59836
93448
71656
77244
64632
144820
22740
59008
80660
58728
62256
92768
90484
85072
36660
33756
52476
39856
60200
53476
74176
65060
105420
58348
57308
54280
1908
87652
58444
69168
84380
57504
112568
79656
16368
60588
95744
21936
21536
25808
112672
84632
67556
93072
96312
68368
62772
40668
58808
51568
79264
49620
59688
123760
42908
67836
23292
58668
60064
43912
33292
49216
94676
86516
7188
53140
89400
26416
53096
68264
88512
78608
116788
49724
42240
80760
79664
75788
95028
79452
60280
78636
20292
58580
73480
52456
36356
16616
98732
27424
140712
33520
90256
76476
56792
2040
29996
69528
46524
83256
55452
110364
62008
107228
69024
49716
61544
64204
59564
65172
43672
52960
84868
56628
46508
27212
63932
71356
75804
48752
59532
51944
67000
51916
71300
20328
94208
60952
73452
53544
50352
50256
109920
78328
63204
5616
45468
49448
18796
53072
43784
41016
81800
56552
78692
52112
75744
91624
77736
58544
45152
33016
62364
59992
51720
52256
62200
60024
32980
90088
101300
53564
54560
130852
24152
22612
72372
54396
64616
50036
61692
48128
39464
82152
41796
61568
74580
80808
42836
44740
74028
40792
49332
54008
79480
83692
38948
58140
72484
99244
63744
35176
61460
68428
111896
78672
82808
75164
60076
103972
56380
46488
59868
27552
20432
93576
28448
42160
59756
31516
56976
106120
89992
48056
110080
42132
53396
58552
133688
50920
81356
74968
56640
50948
44720
54516
52520
34208
63192
43772
52464
59420
76668
60628
96460
60640
58704
42168
58912
23532
60712
77412
36796
31648
92868
64456
41080
25784
70620
48480
50572
49932
37352
80140
22840
104180
85136
90080
78648
72760
72200
35732
45592
52280
61436
63396
74828
78092
172260
61312
57360
67292
69748
57220
86940
47404
118000
69864
51304
82284
76288
65832
99136
17624
57004
44720
57196
117256
48600
55376
41308
43016
114640
79240
66540
3240
65024
85132
50696
77088
34420
77232
64556
101224
19976
94564
36944
86656
52764
96912
33316
40712
122852
71896
75904
3940
40040
52156
104468
56676
56580
62844
53748
9068
58956
59284
58080
78684
56116
60612
63948
89476
42236
67944
33624
41108
48544
58972
59228
114508
36416
56312
96452
68872
82168
75148
56664
74428
41708
37032
39212
111516
59408
10772
58724
73036
61232
76428
90848
43960
57808
30984
117616
50776
35256
95996
87180
48852
39664
48112
2984
28520
73188
29496
33076
52556
44208
70932
50388
69860
60360
54956
59772
70380
62072
73560
31480
59332
69572
35504
67800
104888
91884
49604
70432
37204
95684
43972
46028
148544
61664
35880
50280
106860
4472
48220
67944
54380
51100
75240
51240
39036
49728
57260
87356
61892
50000
89652
33520
112404
42644
63492
103020
43076
70872
57376
63708
65952
73324
45188
68836
53140
12768
50732
49480
45924
84916
75952
73732
29684
51252
75876
35636
3060
27456
83348
78964
67448
43284
13528
36488
43776
101900
52348
58664
36336
81832
69348
71872
74408
60644
92368
83976
85720
31584
70068
71432
43772
86836
38208
33376
61584
75840
88564
58408
60644
102084
80732
43224
77244
57836
70520
80592
18600
41572
85836
62816
65560
64564
80596
62020
76212
80908
62212
54756
56108
62780
30788
4428
27348
48628
54940
49520
4996
57844
35176
68524
44508
42344
101536
71724
31484
82888
28284
62592
74604
75092
67408
46432
40704
58704
56448
50340
48976
57300
65044
60492
40248
34424
65216
36700
61768
69580
64240
96896
65752
84164
63656
49116
80576
74000
79272
53500
25656
99188
82344
45940
38728
62512
45016
82788
47744
31744
59032
47952
94188
27240
40860
69064
22836
45736
62632
34380
50748
75932
106860
47020
43652
74080
47968
71992
77416
67440
26772
75584
61284
66624
50792
61656
59364
91080
58196
102332
76824
43588
65008
61424
90780
44764
58728
62040
109808
45784
54596
27320
61580
98968
72360
52872
77604
86256
56860
71004
56016
13536
28820
42200
35712
46324
64028
68196
45856
30384
48928
60052
59924
41112
48640
40200
51416
26592
74488
35552
51660
47704
120496
81092
101544
62996
77104
68940
133380
79736
92804
86636
88812
75904
75648
53428
87420
37756
88516
32316
82760
72692
65924
64608
22088
68024
50964
57116
35824
39860
60536
70456
49772
71144
24696
47932
71924
57280
75856
45264
71136
56124
73080
44548
75280
62172
62988
57432
29492
56840
88688
56944
75612
68424
65524
24904
91384
45340
37088
34684
61724
49900
41060
56044
123460
52840
101592
47688
60280
26304
172572
65588
77100
67200
56560
67672
68484
75668
43776
69000
113156
133544
75876
24836
40440
55344
66924
141740
73944
56336
58736
46352
59968
1536
50700
20608
76744
37476
75560
68812
55096
62236
63708
120104
47480
69964
82552
22252
69760
67372
71596
73336
70344
60904
114692
75980
77728
66232
81444
47196
56996
72124
69516
60084
67292
51104
47340
50024
33128
62236
50896
63808
77836
31256
80544
57004
46824
60304
56040
67880
40456
49596
32180
76276
42760
48112
59996
51640
131980
56640
52392
74596
108984
40996
93212
35784
45368
89980
50432
78632
26320
77776
35288
36344
59780
56440
72876
48780
68388
66628
73064
34640
23092
85828
73128
81592
105076
81392
62448
107104
70232
40344
69600
50656
68000
88988
84304
54688
95028
78008
78292
38596
56260
75396
58816
40932
57632
24896
37408
62784
90464
86908
71612
37232
54496
41964
100324
64308
111176
64948
67008
33892
25700
84376
35464
38396
46912
74248
65032
59120
43720
65876
36012
57412
86548
35820
64572
80628
98464
33284
94140
67136
67732
100492
67740
58236
48780
57408
47304
88676
89252
69544
75832
60064
75556
76232
50948
52940
55304
65080
71304
77732
72672
67556
117452
93012
100360
92968
78772
55600
43444
40416
43804
53964
67388
53764
84996
75160
57716
52680
79480
142576
105720
46192
67132
33592
50172
56228
48528
114476
48996
46640
51472
46792
87584
50892
85636
28776
74412
50008
62556
62444
72612
74172
74972
64644
99756
88452
86020
67544
76496
56932
47312
43032
54960
123572
69492
75104
37556
48984
115808
54584
74760
81048
28772
64608
63912
85380
105600
89348
61064
63640
57636
37928
67796
40228
72752
36180
50956
56532
77668
62384
81684
49736
29812
41328
46100
66644
66508
110236
28836
77396
44264
72956
48912
67116
78392
67308
79084
50984
36112
61348
27780
54324
97336
61316
97796
70516
81192
37772
49412
66808
66492
86880
108256
110964
46376
58020
4504
90088
54816
55260
29636
50620
86100
16532
48412
41348
76752
81932
52264
32468
37012
35724
25976
95956
97200
52620
64528
63496
47964
51000
53460
51888
3336
63464
59968
75908
60500
32684
57992
57936
95148
61820
84916
44724
66896
53332
69040
71644
83540
41084
84036
33028
66988
82280
134640
49404
44868
84372
45668
95820
98576
10888
47856
24248
52684
57636
55284
70884
76948
37520
58868
86444
107360
78848
66780
23248
47404
79336
84228
109072
82840
52544
62168
111620
100640
81340
73204
72156
71252
79660
106000
4228
73812
54292
49132
74992
61680
55156
53424
100928
46088
60960
94724
44040
72356
65028
70984
68156
85048
73840
58620
71636
59032
58180
52588
96092
33384
60828
65688
41488
67636
52436
62544
42192
27336
80012
67860
57264
47032
80568
68616
48756
38436
72284
72248
77736
63388
90112
57388
60484
63772
48932
34260
62760
49996
67120
42692
40828
80736
55584
74320
40836
87264
104748
49400
69420
51392
37196
49448
63060
49364
85888
59356
63632
36820
28508
84432
124380
62868
51428
49456
19088
29760
88460
71364
27168
106000
37420
75752
71904
33956
18936
29048
61384
42220
41044
35780
51004
93748
31748
54088
109416
41256
105564
53672
94800
69168
53288
71880
80400
57244
47956
36904
65916
72260
111044
65384
69212
100972
82648
58184
70520
46800
41192
47408
71296
55832
35372
114820
71844
45068
75480
55900
88868
51708
53728
26592
88500
65184
86124
72980
81244
6564
45620
63324
40580
112228
82000
63420
51600
51544
71732
61316
71860
66192
38624
73884
72744
97324
46092
52016
71692
76984
69424
63620
54824
55556
55352
44232
71748
80360
51996
79144
62636
58968
57112
64308
59180
89128
73036
70364
63548
78672
152592
56328
103640
87500
22228
32740
31700
79104
89312
73468
67532
844
40876
54248
114200
77496
82628
57792
85028
68660
60776
101144
113672
80812
93056
89096
104224
63716
68864
80364
43376
38840
78920
68476
66756
31068
71584
35748
52520
30128
33124
65772
34412
53144
35928
68388
72400
44852
40276
121988
68596
66200
38764
77844
63904
44792
64100
53748
52516
31028
40856
51848
86988
60904
41572
19392
125196
50040
49540
35676
47656
47440
53028
76444
88212
55428
29120
21476
85432
50660
24528
103828
47224
68472
64040
82276
67960
86292
59700
50716
43332
78044
39936
93752
71944
56712
45392
48352
73512
57328
63212
38676
53328
86808
59680
19224
36432
63828
106084
39032
54052
101736
76984
34692
20744
22764
23988
86528
61368
74188
57836
37476
46016
73144
82280
58116
39152
58132
113436
76080
79884
87128
72232
70256
4460
72604
51332
59188
58600
69328
110260
76136
32620
39732
45068
95704
23420
65368
33596
54844
57764
87532
26700
45528
88784
56156
85220
40376
38720
41636
122208
60756
77964
78184
80236
78552
52528
84384
60968
67872
67496
64240
56504
71560
27732
78432
110236
63696
55824
107576
47388
33196
41164
45056
31236
46136
66128
62388
45472
30844
66100
45688
43308
55816
57496
68584
45124
104852
103932
77952
66148
102504
72912
68788
71276
48908
51444
39084
67720
1744
95320
136776
100696
105384
63228
57204
43792
48548
50380
93984
53092
100904
48864
68492
58116
80184
45292
65608
58652
57232
65152
53216
46044
97316
59264
30668
44612
87244
44852
86556
82796
64684
79420
14740
57496
32756
92164
84164
75536
28504
62456
30208
99648
29988
73220
25464
63876
73048
8696
2424
120668
66408
35576
54240
77788
65708
136656
17680
53252
56092
29476
44912
77308
65708
26928
52444
44376
42376
64312
42920
52732
57560
41232
43500
39188
54348
71760
78624
88832
146392
70280
44348
72636
37880
121244
83088
996
76504
49508
64844
89216
54248
66160
68608
80060
57764
56568
62624
93060
62692
34476
58632
81424
53088
92904
94124
55836
83164
66364
60240
37016
105220
142676
8844
97784
47132
75592
45584
35612
67464
58864
41780
69880
75912
54812
63416
109076
65732
35064
42016
96000
53852
35352
37684
74992
80172
55760
49384
86688
17020
64724
53672
27536
121844
78920
62688
73104
23404
74952
82516
22672
120292
45536
49296
35748
29212
47680
27212
102136
84572
76372
75856
58752
106332
83412
94476
49896
48232
61052
102268
74856
42848
57352
55204
57200
44680
31908
46928
60456
52164
54368
48792
52468
69208
33200
50728
88588
52620
78216
82524
69376
79524
86144
31560
91280
94852
29052
76776
41584
60392
73688
112660
110592
116076
84384
5572
38460
31192
54824
71548
40348
62544
38528
74096
69252
45900
93580
84904
66196
71592
40012
71160
28468
63376
59352
52292
106584
16604
16356
40792
60344
77620
84936
35484
11676
61900
86488
54076
69824
64868
68576
77192
91436
106592
82368
89340
73456
24768
67680
52456
85720
69296
33276
87484
126376
31088
105884
75260
60512
11636
93880
95128
47560
56140
59436
83020
69092
66624
66588
64116
52676
72944
44796
37108
80552
60884
64104
24284
6136
70492
74340
46020
7172
77664
147088
65612
52440
65140
79196
110416
59036
105488
54060
54304
53928
78956
42836
78784
91316
60352
63860
84676
63816
53012
52688
45572
64728
36456
44396
47472
49704
61488
126584
85492
54536
29752
35380
37940
53636
94128
27664
91492
102852
119700
75232
96904
28104
61380
62532
36096
51696
74716
55380
53736
66884
55508
47952
32896
50496
55132
73836
112352
65232
48116
48416
81056
69176
48524
63768
58928
60040
104908
88760
56996
59712
42396
79292
50996
75064
70524
82284
29328
57604
83280
69924
15824
43996
64568
106232
70956
29748
51480
73880
45020
71840
31808
57392
35584
65512
114176
47392
72764
84148
65464
53560
23420
52996
56460
38596
