13802
13247
13549
13862
13425
13630
13643
13419
13368
13127
12839
12923
12725
12939
12756
13236
13267
13275
13339
13337
13304
13164
13649
13346
13574
13638
13336
13686
13619
13412
13686
13437
13636
13300
13186
13097
12837
13146
13226
12886
13057
12887
12815
12794
12777
12566
12377
12151
12309
12248
12391
12137
12235
12701
12053
12175
12451
11681
12301
12094
14178
14391
14307
14734
14674
12943
12591
12674
13049
13770
13612
14356
14379
13494
13311
14031
14374
14435
14317
14406
14050
13732
14309
14909
14675
14562
14518
14016
14015
14713
14628
14762
14871
15002
14275
14085
14268
13889
13549
13717
14069
13845
13465
14117
13684
13238
13812
13284
13073
12960
12836
13262
13169
12722
12581
12604
12566
12821
12831
13054
12917
13051
13079
13059
13913
12829
12887
12783
13055
13129
13368
12857
12976
12888
12971
13152
13256
13114
13345
13465
12780
13266
13096
13081
13091
13131
13069
12930
12761
12675
12350
12494
12456
12269
12485
12261
12625
12816
12802
12659
12908
12516
12997
12976
12910
12748
12812
12715
12687
13361
12813
12965
12848
12900
12901
12643
13000
12840
12933
12690
12970
13071
13099
12860
12662
12963
13074
12944
13070
12834
12724
12793
12446
12678
12808
12416
12300
12162
12278
12349
12829
13273
13118
13001
13621
13975
13954
13888
14039
14155
13936
14314
15007
14918
14709
14495
14850
14707
14894
15147
14863
14584
14182
14377
15082
14446
14791
15509
19357
18590
18886
18621
18966
18879
18919
19277
14814
14667
14773
14893
14693
14742
14400
14740
14551
14353
14277
14678
14465
14177
14818
14368
14344
14816
14275
14171
14327
14082
13971
14096
13931
14194
13948
14559
14335
14686
14498
14424
14570
14645
14591
14505
14395
14294
14574
14331
14331
14305
14713
14680
14265
14496
14736
14223
14619
15307
14693
14222
14529
14326
14357
14440
14022
16309
14075
14280
14034
14305
14093
14197
14419
14500
14269
14349
14569
14284
14350
14359
14444
14197
14579
14910
14458
14705
14839
14519
14803
15140
14350
13878
13745
14158
14005
13631
14103
13594
13751
13664
13896
14015
13893
13791
13957
13775
13914
14181
13646
13666
13550
13801
13697
13561
14126
13529
13440
13559
13743
13739
13665
14017
14501
14358
14738
14356
14346
14518
14484
14787
14439
14483
15206
16140
16145
15903
16005
16110
16028
15922
15971
16041
15867
16161
16033
15949
16029
15946
16130
16082
15678
15718
15977
15975
15757
16107
14998
14641
15368
14476
14149
14103
14661
14525
15065
14470
14551
14464
14511
14812
14681
15064
14431
14658
14794
14641
14699
14859
14881
14675
14669
14985
14576
14748
15170
14652
15217
14744
15068
15513
15167
15453
15518
15707
15439
15557
15775
15791
15730
15996
15636
15574
15881
15789
15567
15809
15515
15659
15626
15386
16226
15701
15855
15656
15436
15246
15423
16106
15336
15564
15293
14926
14815
16164
15084
14636
15505
14412
14966
15290
14411
15528
14508
14484
15206
13923
14821
13740
13689
13753
13798
13421
13850
13849
13564
13446
13701
14291
14200
13872
14119
14389
14082
14078
14439
14675
14525
14496
15164
15100
15759
15199
14615
14873
15769
15230
15770
15183
14990
15796
15200
15774
15228
15702
15469
15029
16056
15423
15756
15966
15023
16024
15138
14919
15921
15159
15881
14905
14750
15794
15115
15063
14975
15080
14628
15086
15156
15091
14823
14919
14923
15018
15059
15101
14842
14967
14896
15210
14869
14853
15026
14900
14865
14991
14907
14864
14660
14599
14516
14290
14738
14626
14565
14645
14483
14246
14382
15453
14448
15885
14545
14670
14789
14985
14752
14564
14806
14815
14908
14566
14745
15488
15326
14941
14856
15221
14799
15236
15010
15190
15786
15084
15152
14736
14979
14800
14562
14881
17210
14310
14089
13935
14127
14292
14001
14220
13896
14288
13851
13554
13649
13469
13137
12996
12633
12941
13861
13193
12949
13133
13225
13633
13047
13408
13571
12965
13197
13322
13183
13054
13384
13248
13331
13519
13573
13492
13636
13370
13197
13185
13756
13236
13469
13444
13201
13296
13381
13773
13719
13386
13198
13071
13164
12935
13112
12848
12722
12784
13095
12698
13188
13105
12859
13034
12998
12992
12856
13022
12818
12932
13136
13016
12847
12962
12978
13105
13116
12937
13364
13064
13015
13125
12927
13301
13310
13442
13685
13590
13399
13858
13405
13393
13809
13531
13480
13197
13254
13639
13689
13352
13282
13165
13049
13225
12920
14700
13095
13074
13584
12951
12807
13124
13086
13092
12916
13163
13188
13298
13014
13392
13152
13364
13663
13506
13781
13668
14461
13947
13928
14198
13859
13505
13519
13451
13205
13303
14829
13443
13288
13510
13414
13395
13536
13670
13409
13550
13513
13839
13329
13860
13680
13917
17291
17061
17003
17301
13482
13159
13231
14002
13403
13105
13600
13281
12661
13047
12712
12901
12941
12848
13093
13035
13130
12926
14210
13309
13655
13246
13792
13216
13170
13125
13049
13322
13273
13051
13473
13084
13076
13960
13119
13111
13316
13311
13048
13116
13227
13397
13145
13089
12823
12881
12526
12840
12695
12676
12700
12413
12696
12817
12711
12869
12647
12629
12674
12725
13366
12555
12981
12809
12797
12922
12900
12905
12850
12623
13145
12871
12705
12865
12812
13584
13083
12917
12924
12862
13470
13369
13425
13587
13741
13474
13197
13221
12968
12748
12872
12971
13074
13094
13075
13430
12892
13050
13216
13223
13386
13178
13546
13666
13382
13903
13375
13639
13563
13637
13696
13455
13703
13800
13299
13547
15360
14184
13683
13851
13533
13407
15909
13827
13644
13538
13856
13817
13838
14136
13955
14410
13192
13791
13800
13504
13816
13263
14571
14674
13899
13616
13154
13156
13146
12884
13214
12937
12835
13279
13312
13496
12992
13056
12789
12858
