7 0.19045751576859965 6 13419 13722.2 16335.69612287988 1.022594828228631
8 0.19045751576859965 6 13368 13393.0 15943.797508688856 1.0018701376421304
9 0.19045751576859965 6 13127 13269.2 15796.418868236704 1.0108326350270436
10 0.19045751576859965 6 12839 13067.4 15556.1845415546 1.0177895474725445
11 0.19045751576859965 6 12923 12680.8 15095.95366595846 0.9812582217751296
12 0.19045751576859965 6 12725 12779.0 15212.856594006935 1.0042436149312377
13 0.19045751576859965 6 12939 12586.2 14983.336384966751 0.9727335961047995
14 0.19045751576859965 6 12756 12853.2 15301.188541676967 1.0076199435559736
15 0.19045751576859965 6 13236 12681.8 15097.144123474227 0.9581293442127531
16 0.19045751576859965 6 13267 13315.4 15851.418005465212 1.0036481495439813
17 0.19045751576859965 6 13275 13335.8 15875.70333878689 1.0045800376647833
18 0.19045751576859965 6 13339 13385.0 15934.273848562707 1.0034485343728916
19 0.19045751576859965 6 13337 13419.0 15974.749404098839 1.006148309214966
20 0.19045751576859965 6 13304 13453.2 16015.463051138126 1.0112146722790138
21 0.19045751576859965 6 13164 13317.6 15854.037011999904 1.0116681859617138
22 0.19045751576859965 6 13649 13143.4 15646.659312753012 0.962956993186314
23 0.19045751576859965 6 13346 13723.8 16337.600854905108 1.0283081072980669
24 0.19045751576859965 6 13574 13347.4 15889.512645969808 0.9833063209076175
25 0.19045751576859965 6 13638 13621.4 16215.698005290404 0.9987828127291392
26 0.19045751576859965 6 13336 13704.8 16314.982162105505 1.0276544691061786
27 0.19045751576859965 6 13686 13370.4 15916.893168832485 0.9769399386234108
28 0.19045751576859965 6 13619 13693.4 16301.410946425744 1.0054629561641824
29 0.19045751576859965 6 13412 13673.6 16277.839887613525 1.019504920966299
30 0.19045751576859965 6 13686 13379.6 15927.845377977557 0.9776121584100541
31 0.19045751576859965 6 13437 13695.6 16304.029952960434 1.01924536726948
32 0.19045751576859965 6 13636 13457.2 16020.2248812012 0.9868876503373424
33 0.19045751576859965 6 13300 13626.0 16221.174109862939 1.0245112781954888
34 0.19045751576859965 6 13186 13236.2 15757.13377021634 1.003807068102533
35 0.19045751576859965 6 13097 13140.8 15643.564123212014 1.0033442773154158
36 0.19045751576859965 6 12837 12979.2 15451.18618866381 1.0110773545220846
37 0.19045751576859965 6 13146 12717.0 15139.048228029282 0.9673664993153811
38 0.19045751576859965 6 13226 13048.0 15533.089665748688 0.9865416603659458
39 0.19045751576859965 6 12886 13211.2 15727.372332322126 1.0252366909824617
40 0.19045751576859965 6 13057 12826.0 15268.80809724806 0.9823083403538332
41 0.19045751576859965 6 12887 13049.0 15534.280123264458 1.012570807790797
42 0.19045751576859965 6 12815 12897.0 15353.33058086763 1.0063987514631292
43 0.19045751576859965 6 12794 12748.8 15176.904777030722 0.9964670939502891
44 0.19045751576859965 6 12777 12707.6 15127.857927381057 0.994568365030915
45 0.19045751576859965 6 12566 12755.2 15184.523705131644 1.0150565016711763
46 0.19045751576859965 6 12377 12467.8 14842.386215099747 1.0073361880908136
47 0.19045751576859965 6 12151 12275.0 14612.866006059561 1.0102049214056457
48 0.19045751576859965 6 12309 12018.2 14307.156516010185 0.976375010155171
49 0.19045751576859965 6 12248 12212.0 14537.86718256614 0.9970607446113651
50 0.19045751576859965 6 12391 12142.2 14454.773247965491 0.9799209103381488
51 0.19045751576859965 6 12137 12356.0 14709.293064836818 1.018043997693005
52 0.19045751576859965 6 12235 12089.0 14391.440908126602 0.9880670208418472
53 0.19045751576859965 6 12701 12251.8 14585.247391693729 0.9646327060861349
54 0.19045751576859965 6 12053 12779.4 15213.332777013242 1.060267153405791
55 0.19045751576859965 6 12175 12014.0 14302.156594443957 0.986776180698152
56 0.19045751576859965 6 12451 12131.8 14442.392489801498 0.9743635049393622
57 0.19045751576859965 6 11681 12513.8 14897.147260825102 1.0712952658162829
58 0.19045751576859965 6 12301 11570.2 13773.831548945853 0.940590195919031
59 0.19045751576859965 6 12094 12221.0 14548.581300208058 1.0105010749131802
60 0.19045751576859965 6 14178 12102.2 14407.154947334748 0.8535900691211737
61 0.19045751576859965 6 14391 14578.6 17355.203939384108 1.0130359252310472
62 0.19045751576859965 6 14307 14779.0 17593.771625544134 1.032990843642972
63 0.19045751576859965 6 14734 14832.2 17657.103965383027 1.0066648567938103
64 0.19045751576859965 6 14674 15220.6 18119.47766450755 1.037249557039662
65 0.19045751576859965 6 12943 15190.0 18083.049664525028 1.173607355327204
66 0.19045751576859965 6 12591 12696.0 15114.048620198142 1.0083392899690256
67 0.19045751576859965 6 12674 12231.0 14560.485875365743 0.9650465519962127
68 0.19045751576859965 6 13049 12347.4 14699.055130201208 0.9462334278488773
69 0.19045751576859965 6 13770 12712.0 15133.09594045044 0.9231663035584604
70 0.19045751576859965 6 13612 13589.2 16177.365273282656 0.998325007346459
71 0.19045751576859965 6 14356 13745.8 16363.790920252017 0.9574951239899693
72 0.19045751576859965 6 14379 14709.0 17510.439599440335 1.0229501356144377
73 0.19045751576859965 6 13494 14720.0 17523.534632113788 1.0908551949014378
74 0.19045751576859965 6 13311 13583.0 16169.98443668489 1.0204342273307792
75 0.19045751576859965 6 14031 13219.2 15736.895992448273 0.9421423989737011
76 0.19045751576859965 6 14374 14114.8 16803.06974357063 0.9819674412133017
77 0.19045751576859965 6 14435 14377.6 17115.92197871462 0.9960235538621407
78 0.19045751576859965 6 14317 14446.2 17197.587364296345 1.0090242369211428
79 0.19045751576859965 6 14406 14481.6 17239.729560354554 1.0052478134110787
80 0.19045751576859965 6 14050 14625.0 17410.44116811577 1.0409252669039146
81 0.19045751576859965 6 13732 14053.8 16730.451835108746 1.0234343140110689
82 0.19045751576859965 6 14309 13603.6 16194.507861509723 0.9507023551610875
83 0.19045751576859965 6 14909 14283.8 17004.257063735524 0.9580655979609631
84 0.19045751576859965 6 14675 15027.4 17889.481272461057 1.0240136286201023
85 0.19045751576859965 6 14562 14728.8 17534.01065825255 1.011454470539761
86 0.19045751576859965 6 14518 14664.4 17457.345194237052 1.0100840336134453
87 0.19045751576859965 6 14016 14675.2 17470.202135407355 1.0470319634703198
88 0.19045751576859965 6 14015 13957.4 16615.691730588653 0.9958901177310024
89 0.19045751576859965 6 14713 13836.2 16471.4082796775 0.9404064432814518
90 0.19045751576859965 6 14628 14720.6 17524.24890662325 1.006330325403336
91 0.19045751576859965 6 14762 14641.2 17429.72657987122 0.991816826988213
92 0.19045751576859965 6 14871 14810.8 17631.628174545574 0.9959518525990182
93 0.19045751576859965 6 15002 15042.0 17906.861952191277 1.0026663111585121
94 0.19045751576859965 6 14275 15199.4 18094.239965173252 1.0647565674255692
95 0.19045751576859965 6 14085 14187.4 16889.49695921543 1.0072701455449058
96 0.19045751576859965 6 14268 13976.4 16638.310423388255 0.9795626576955424
97 0.19045751576859965 6 13889 14169.2 16867.830632428442 1.0201742386060912
98 0.19045751576859965 6 13549 13692.6 16300.45858041313 1.0105985681600118
99 0.19045751576859965 6 13717 13258.4 15783.561927066401 0.9665670336079317
100 0.19045751576859965 6 14069 13605.4 16196.650685038107 0.9670481199800981
101 0.19045751576859965 6 13845 14065.8 16744.73732529797 1.0159479956663056
102 0.19045751576859965 6 13465 13760.4 16381.171599982239 1.0219383587077608
103 0.19045751576859965 6 14117 13380.2 15928.559652487018 0.9478076078486931
104 0.19045751576859965 6 13684 14230.6 16940.924723896635 1.0399444606840105
105 0.19045751576859965 6 13238 13677.4 16282.363626173445 1.033192325124641
106 0.19045751576859965 6 13812 13071.8 15561.422554623981 0.9464089197799015
107 0.19045751576859965 6 13284 13805.4 16434.742188191827 1.0392502258355916
108 0.19045751576859965 6 13073 13247.8 15770.943077399254 1.0133710701445728
109 0.19045751576859965 6 12960 12864.2 15314.283574350422 0.9926080246913581
110 0.19045751576859965 6 12836 12815.2 15255.95115607776 0.9983795574945467
111 0.19045751576859965 6 13262 12755.6 15184.99988813795 0.961815714070276
112 0.19045751576859965 6 13169 13152.0 15656.897247388624 0.998709089528438
113 0.19045751576859965 6 12722 13146.0 15649.754502294012 1.0333280930671278
114 0.19045751576859965 6 12581 12651.8 15061.430398001168 1.005627533582386
115 0.19045751576859965 6 12604 12505.2 14886.909326189494 0.9921612186607427
116 0.19045751576859965 6 12566 12557.6 14949.289300015767 0.9993315295241127
117 0.19045751576859965 6 12821 12426.8 14793.577456953233 0.9692535683644021
118 0.19045751576859965 6 12831 12751.4 15179.999966571722 0.9937962746473384
119 0.19045751576859965 6 13054 12852.8 15300.712358670657 0.9845870997395434
120 0.19045751576859965 6 12917 13148.6 15652.84969183501 1.0179298598745838
121 0.19045751576859965 6 13051 12979.6 15451.662371670118 0.9945291548540341
122 0.19045751576859965 6 13079 13148.0 15652.13541732555 1.005275632693631
123 0.19045751576859965 6 13059 13130.6 15631.421456551176 1.0054828087908723
124 0.19045751576859965 6 13913 13104.6 15600.469561141192 0.9418960684252139
125 0.19045751576859965 6 12829 14084.8 16767.356018097573 1.0978875984098526
126 0.19045751576859965 6 12887 12811.4 15251.427417517838 0.9941336230309614
127 0.19045751576859965 6 12783 12854.2 15302.378999192735 1.005569897520144
128 0.19045751576859965 6 13055 12723.8 15147.143339136508 0.9746304098046725
129 0.19045751576859965 6 13129 13054.2 15540.470502346456 0.9943026887043949
130 0.19045751576859965 6 13368 12972.2 15442.85298605343 0.9703919808497906
131 0.19045751576859965 6 12857 13475.8 16042.367390994496 1.0481294236602627
132 0.19045751576859965 6 12976 12851.0 15298.569535142275 0.9903668310727497
133 0.19045751576859965 6 12888 13014.6 15493.328384722017 1.0098230912476722
134 0.19045751576859965 6 12971 12854.6 15302.855182199042 0.9910261352247322
135 0.19045751576859965 6 13152 12939.4 15403.805979536219 0.9838351581508515
136 0.19045751576859965 6 13256 13108.8 15605.469482707418 0.9888955944477972
137 0.19045751576859965 6 13114 13335.8 15875.70333878689 1.0169132225102944
138 0.19045751576859965 6 13345 13141.6 15644.51648922463 0.9847583364556014
139 0.19045751576859965 6 13465 13436.4 15995.463364873212 0.9978759747493502
140 0.19045751576859965 6 12780 13563.8 16147.127652382133 1.0613302034428795
141 0.19045751576859965 6 13266 12705.6 15125.47701234952 0.957756671189507
142 0.19045751576859965 6 13096 13268.0 15794.99031921778 1.0131337813072694
143 0.19045751576859965 6 13081 13092.4 15585.945979448814 1.000871493005122
144 0.19045751576859965 6 13091 13028.2 15509.518606936472 0.9952028110915897
145 0.19045751576859965 6 13131 13016.2 15495.233116747248 0.9912573299824843
146 0.19045751576859965 6 13069 13201.2 15715.467757164439 1.0101155405922413
147 0.19045751576859965 6 12930 13029.6 15511.185247458547 1.0077030162412994
148 0.19045751576859965 6 12761 12896.8 15353.092489364475 1.0106417992320351
149 0.19045751576859965 6 12675 12697.0 15115.23907771391 1.0017357001972387
150 0.19045751576859965 6 12350 12591.8 14990.002947055053 1.019578947368421
151 0.19045751576859965 6 12494 12193.8 14516.20085577915 0.9759724667840562
152 0.19045751576859965 6 12456 12379.0 14736.673587699495 0.9938182402055235
153 0.19045751576859965 6 12269 12361.2 14715.483443918816 1.007514874887929
154 0.19045751576859965 6 12485 12170.6 14488.58224141332 0.9748177813376051
155 0.19045751576859965 6 12261 12447.0 14817.62469877176 1.015170051382432
156 0.19045751576859965 6 12625 12243.2 14575.00945705812 0.9697584158415842
157 0.19045751576859965 6 12816 12651.2 15060.71612349171 0.9871410736579277
158 0.19045751576859965 6 12802 12888.0 15342.616463225713 1.0067177003593188
159 0.19045751576859965 6 12659 12908.6 15367.139888050546 1.0197171972509678
160 0.19045751576859965 6 12908 12693.8 15111.42961366345 0.983405639913232
161 0.19045751576859965 6 12516 13037.4 15520.47081608154 1.0416586768935763
162 0.19045751576859965 6 12997 12494.2 14873.81429351604 0.9613141494190968
163 0.19045751576859965 6 12976 13033.2 15515.470894515314 1.0044081381011098
164 0.19045751576859965 6 12910 13010.8 15488.804646162096 1.0078079008520526
165 0.19045751576859965 6 12748 12960.2 15428.567495864207 1.0166457483526827
166 0.19045751576859965 6 12812 12716.0 15137.857770513514 0.9925070246643771
167 0.19045751576859965 6 12715 12871.2 15322.616776960802 1.0122847031065672
168 0.19045751576859965 6 12687 12658.6 15069.525509108396 0.9977614881374636
169 0.19045751576859965 6 13361 12629.2 15034.5260581448 0.9452286505501086
170 0.19045751576859965 6 12813 13451.2 16013.08213610659 1.0498087879497386
171 0.19045751576859965 6 12965 12826.0 15268.80809724806 0.9892788276128037
172 0.19045751576859965 6 12848 12995.6 15470.709691922415 1.0114881693648816
173 0.19045751576859965 6 12900 12874.6 15326.664332514414 0.998031007751938
174 0.19045751576859965 6 12901 12942.6 15407.61544358668 1.0032245562359507
175 0.19045751576859965 6 12643 12809.0 15248.570319479993 1.0131297951435576
176 0.19045751576859965 6 13000 12609.0 15010.478816326273 0.9699230769230769
177 0.19045751576859965 6 12840 13007.0 15484.280907602177 1.013006230529595
178 0.19045751576859965 6 12933 12838.4 15283.56977044359 0.9926853784891363
179 0.19045751576859965 6 12690 12939.6 15404.044071039372 1.0196690307328606
180 0.19045751576859965 6 12970 12647.8 15056.668567938095 0.9751580570547417
181 0.19045751576859965 6 13071 13035.4 15518.089901050003 0.9972764134343203
182 0.19045751576859965 6 13099 13085.2 15577.374685335282 0.998946484464463
183 0.19045751576859965 6 12860 13150.8 15655.4686983697 1.0226127527216173
184 0.19045751576859965 6 12662 12845.4 15291.90297305397 1.0144842836834622
185 0.19045751576859965 6 12963 12656.4 15066.906502573705 0.9763480675769498
186 0.19045751576859965 6 13074 12961.6 15430.234136386282 0.9914027841517516
187 0.19045751576859965 6 12944 13074.6 15564.755835668135 1.0100896168108777
188 0.19045751576859965 6 13070 12913.0 15372.377901119928 0.9879877582249427
189 0.19045751576859965 6 12834 13112.0 15609.278946757879 1.0216612124045503
190 0.19045751576859965 6 12724 12868.4 15319.283495916648 1.0113486325055014
191 0.19045751576859965 6 12793 12676.2 15090.477561385924 0.9908700070350974
192 0.19045751576859965 6 12446 12736.8 15162.6192868415 1.0233649365257913
193 0.19045751576859965 6 12678 12346.4 14697.864672685439 0.9738444549613503
194 0.19045751576859965 6 12808 12599.6 14999.288515678048 0.9837289194253592
195 0.19045751576859965 6 12416 12802.8 15241.189482882228 1.0311533505154638
196 0.19045751576859965 6 12300 12354.4 14707.388332811588 1.0044227642276422
197 0.19045751576859965 6 12162 12201.4 14525.248332898993 1.0032395987502056
198 0.19045751576859965 6 12278 12105.2 14410.726319882055 0.9859260465873921
199 0.19045751576859965 6 12349 12198.0 14521.200777345379 0.9877722892541906
200 0.19045751576859965 6 12829 12257.2 14591.675862278882 0.9554291059318731
201 0.19045751576859965 6 13273 12911.6 15370.711260597853 0.972771792360431
202 0.19045751576859965 6 13118 13467.6 16032.605639365194 1.0266504040250037
203 0.19045751576859965 6 13001 13309.2 15844.037168867448 1.0237058687793248
204 0.19045751576859965 6 13621 13145.6 15649.278319287705 0.9650980104250789
205 0.19045751576859965 6 13975 13875.4 16518.07421429563 0.9928729874776386
206 0.19045751576859965 6 13954 14204.2 16909.496645480343 1.0179303425541064
207 0.19045751576859965 6 13888 14090.2 16773.784488682726 1.014559331797235
208 0.19045751576859965 6 14039 14042.0 16716.404436422676 1.0002136904337915
209 0.19045751576859965 6 14155 14246.6 16959.972044148933 1.006471211586012
210 0.19045751576859965 6 13936 14261.8 16978.066998388615 1.0233783008036739
211 0.19045751576859965 6 14314 13928.2 16580.930371128212 0.9730473662148945
212 0.19045751576859965 6 15007 14386.0 17125.921821847074 0.9586193109882055
213 0.19045751576859965 6 14918 15230.8 18131.620331168386 1.0209679581713367
214 0.19045751576859965 6 14709 15093.8 17968.527651508088 1.0261608538989733
215 0.19045751576859965 6 14495 14819.8 17642.34229218749 1.0224077268023455
216 0.19045751576859965 6 14850 14606.8 17388.77484132878 0.9836228956228956
217 0.19045751576859965 6 14707 14957.2 17805.9111548541 1.017012307064663
218 0.19045751576859965 6 14894 14647.0 17436.63123346268 0.9834161407278098
219 0.19045751576859965 6 15147 14889.2 17724.960043781837 0.9829801280781674
220 0.19045751576859965 6 14863 15234.6 18136.14406972831 1.0250016820292
221 0.19045751576859965 6 14584 14936.6 17781.387730029266 1.0241771804717499
222 0.19045751576859965 6 14182 14530.8 17298.300070130368 1.0245945564800452
223 0.19045751576859965 6 14377 14077.0 16758.070449474577 0.9791333379703694
224 0.19045751576859965 6 15082 14273.6 16992.114397074685 0.9463996817398224
225 0.19045751576859965 6 14446 15069.0 17939.00430511703 1.0431261248788593
226 0.19045751576859965 6 14791 14362.6 17098.06511597809 0.9710364410790345
227 0.19045751576859965 6 15509 14832.4 17657.342056886177 0.9563737184860404
228 0.19045751576859965 6 19357 15774.4 18778.7530367402 0.8149196673038177
229 0.19045751576859965 6 18590 20353.0 24229.38181843831 1.0948359332974718
230 0.19045751576859965 6 18886 19291.6 22965.830211201515 1.0214762257757068
231 0.19045751576859965 6 18621 19774.0 23540.10691680829 1.0619193383813974
232 0.19045751576859965 6 18966 19387.0 23079.39985820584 1.0221976167879363
233 0.19045751576859965 6 18879 19657.4 23401.299570469673 1.0412309974045235
234 0.19045751576859965 6 18919 18783.4 22360.839701687917 0.9928326021459909
235 0.19045751576859965 6 19277 18984.8 22600.59784536371 0.9848420397364734
236 0.19045751576859965 6 14814 19355.2 23041.5433092044 1.3065478601323073
237 0.19045751576859965 6 14667 14052.6 16729.023286089825 0.9581100429535693
238 0.19045751576859965 6 14773 13807.2 16436.88501172021 0.9346239761727476
239 0.19045751576859965 6 14893 13951.8 16609.02516850035 0.9368025246760222
240 0.19045751576859965 6 14693 14087.8 16770.92739064488 0.9588103178384264
241 0.19045751576859965 6 14742 13776.2 16399.980828731383 0.9344865011531679
242 0.19045751576859965 6 14400 14727.6 17532.58210923363 1.02275
243 0.19045751576859965 6 14740 14346.6 17079.017795725795 0.9733107191316147
244 0.19045751576859965 6 14551 14733.4 17539.486762825087 1.012535220947014
245 0.19045751576859965 6 14353 14482.6 17240.92001787032 1.009029471190692
246 0.19045751576859965 6 14277 14285.0 17005.685612754445 1.0005603418085032
247 0.19045751576859965 6 14678 14184.0 16885.44940366182 0.9663441885815506
248 0.19045751576859965 6 14465 14733.6 17539.72485432824 1.0185689595575527
249 0.19045751576859965 6 14177 14410.0 17154.492802225523 1.016435070889469
250 0.19045751576859965 6 14818 14102.2 16788.069978871947 0.95169388581455
251 0.19045751576859965 6 14368 14911.0 17750.91201762559 1.037792316258352
252 0.19045751576859965 6 14344 14386.2 17126.15991335023 1.0029419966536532
253 0.19045751576859965 6 14816 14277.2 16996.400044131453 0.9636339092872571
254 0.19045751576859965 6 14275 14886.2 17721.38867123453 1.042816112084063
255 0.19045751576859965 6 14171 14294.6 17017.114004905827 1.0087220379648578
256 0.19045751576859965 6 14327 14041.6 16715.92825341637 0.980079570042577
257 0.19045751576859965 6 14082 14318.8 17045.923076787425 1.0168157932111916
258 0.19045751576859965 6 13971 14029.6 16701.642763227148 1.0041944026912892
259 0.19045751576859965 6 14096 13802.0 16430.694632638213 0.9791430192962542
260 0.19045751576859965 6 13931 14060.2 16738.070763209667 1.0092742803818822
261 0.19045751576859965 6 14194 13883.0 16527.12169141547 0.9780893335212062
262 0.19045751576859965 6 13948 14167.4 16865.68780890006 1.015729853742472
263 0.19045751576859965 6 14559 13921.2 16572.59716851783 0.9561920461570164
264 0.19045751576859965 6 14335 14676.6 17471.86877592943 1.0238297872340425
265 0.19045751576859965 6 14686 14382.8 17122.112357796614 0.9793544872667846
266 0.19045751576859965 6 14498 14837.0 17662.818161458716 1.023382535522141
267 0.19045751576859965 6 14424 14558.8 17331.632880571888 1.0093455352190792
268 0.19045751576859965 6 14570 14519.2 17284.490762947455 0.9965133836650653
269 0.19045751576859965 6 14645 14572.2 17347.58501128319 0.9950290201433937
270 0.19045751576859965 6 14591 14707.0 17508.058684408796 1.0079501062298677
271 0.19045751576859965 6 14505 14572.0 17347.346919780033 1.0046190968631505
272 0.19045751576859965 6 14395 14506.4 17269.252906745613 1.0077387981938173
273 0.19045751576859965 6 14294 14389.2 17129.731285897535 1.0066601371204702
274 0.19045751576859965 6 14574 14238.8 16950.686475525938 0.9770001372306847
275 0.19045751576859965 6 14331 14559.8 17332.823338087655 1.0159653897146046
276 0.19045751576859965 6 14331 14279.0 16998.542867659835 0.9963715023375899
277 0.19045751576859965 6 14305 14296.2 17019.018736931055 0.9993848304788536
278 0.19045751576859965 6 14713 14287.0 17008.066527785984 0.971046013729355
279 0.19045751576859965 6 14680 14796.8 17614.961769324815 1.0079564032697548
280 0.19045751576859965 6 14265 14701.2 17501.15403081734 1.030578338590957
281 0.19045751576859965 6 14496 14251.8 16966.16242323093 0.9831539735099337
282 0.19045751576859965 6 14736 14529.0 17296.157246601986 0.9859527687296417
283 0.19045751576859965 6 14223 14822.2 17645.199390225338 1.0421289460732617
284 0.19045751576859965 6 14619 14125.0 16815.21241023147 0.9662083589848827
285 0.19045751576859965 6 15307 14606.8 17388.77484132878 0.9542562226432351
286 0.19045751576859965 6 14693 15515.4 18470.42454015613 1.0559722316749471
287 0.19045751576859965 6 14222 14732.4 17538.29630530932 1.0358880607509493
288 0.19045751576859965 6 14529 14119.2 16808.307756640013 0.9717943423497832
289 0.19045751576859965 6 14326 14590.2 17369.013246567025 1.0184419935781097
290 0.19045751576859965 6 14357 14267.4 16984.733560476918 0.9937591418820088
291 0.19045751576859965 6 14440 14167.0 16865.211625893753 0.9810941828254848
292 0.19045751576859965 6 14022 14389.4 17129.96937740069 1.0262016830694622
293 0.19045751576859965 6 16309 13982.0 16644.976985476562 0.8573180452510883
294 0.19045751576859965 6 14075 16665.0 19838.974500283715 1.1840142095914743
295 0.19045751576859965 6 14280 14024.8 16695.928567151455 0.9821288515406162
296 0.19045751576859965 6 14034 14264.6 16981.400279432768 1.0164315234430668
297 0.19045751576859965 6 14305 13952.8 16610.215626016117 0.9753792380286612
298 0.19045751576859965 6 14093 14361.6 17096.874658462322 1.0190591073582629
299 0.19045751576859965 6 14197 13649.8 16249.506998738232 0.961456645770233
300 0.19045751576859965 6 14419 14221.4 16929.972514751564 0.9862958596296553
301 0.19045751576859965 6 14500 14446.8 17198.301638805806 0.9963310344827586
302 0.19045751576859965 6 14269 14593.2 17372.584619114332 1.0227205830822061
303 0.19045751576859965 6 14349 14261.8 16978.066998388615 0.9939229214579413
304 0.19045751576859965 6 14569 14400.2 17142.82631857099 0.9884137552337154
305 0.19045751576859965 6 14284 14643.4 17432.345586405914 1.0251610193223186
306 0.19045751576859965 6 14350 14257.0 16972.352802312926 0.9935191637630661
307 0.19045751576859965 6 14359 14320.0 17047.351625806346 0.9972839334215474
308 0.19045751576859965 6 14444 14377.0 17115.207704205157 0.9953613957352534
309 0.19045751576859965 6 14197 14463.0 17217.58705056126 1.018736352750581
310 0.19045751576859965 6 14579 14122.6 16812.355312193627 0.9686946978530764
311 0.19045751576859965 6 14910 14638.0 17425.91711582076 0.9817572099262241
312 0.19045751576859965 6 14458 15022.0 17883.052801875903 1.039009544888643
313 0.19045751576859965 6 14705 14477.8 17235.205821794632 0.984549472968378
314 0.19045751576859965 6 14839 14757.2 17567.81965170038 0.9944874991576252
315 0.19045751576859965 6 14519 14967.4 17818.05382151494 1.03088366967422
316 0.19045751576859965 6 14803 14507.0 17269.967181255077 0.9800040532324529
317 0.19045751576859965 6 15140 14781.6 17596.866815085134 0.976327608982827
318 0.19045751576859965 6 14350 15276.4 18185.905193887436 1.0645574912891986
319 0.19045751576859965 6 13878 14279.0 16998.542867659835 1.0288946534082721
320 0.19045751576859965 6 13745 13685.8 16292.363469305901 0.9956929792651873
321 0.19045751576859965 6 14158 13590.2 16178.555730798425 0.9598954654612234
322 0.19045751576859965 6 14005 14029.0 16700.928488717684 1.0017136736879686
323 0.19045751576859965 6 13631 13778.0 16402.12365225977 1.0107842418017754
324 0.19045751576859965 6 14103 13487.2 16055.938606674259 0.9563355314472098
325 0.19045751576859965 6 13594 14148.0 16842.592933094147 1.040753273503016
326 0.19045751576859965 6 13751 13563.8 16147.127652382133 0.9863864446222093
327 0.19045751576859965 6 13664 13669.6 16273.07805755045 1.0004098360655738
328 0.19045751576859965 6 13896 13595.8 16185.222292886727 0.9783966609096142
329 0.19045751576859965 6 14015 13949.0 16605.691887456196 0.9952907599001071
330 0.19045751576859965 6 13893 13997.4 16663.310031219396 1.007514575685597
331 0.19045751576859965 6 13791 13952.8 16610.215626016117 1.011732289174099
332 0.19045751576859965 6 13957 13799.0 16427.123260090906 0.9886795156552267
333 0.19045751576859965 6 13775 14015.6 16684.97635800639 1.0174664246823957
334 0.19045751576859965 6 13914 13750.8 16369.74320783086 0.9882708063820612
335 0.19045751576859965 6 14181 13893.8 16539.97863258577 0.9797475495381144
336 0.19045751576859965 6 13646 14238.6 16950.448384022784 1.0434266451707461
337 0.19045751576859965 6 13666 13617.0 16210.459992221022 0.9964144592419142
338 0.19045751576859965 6 13550 13607.8 16199.507783075951 1.0042656826568266
339 0.19045751576859965 6 13801 13505.0 16077.128750454938 0.9785522788203753
340 0.19045751576859965 6 13697 13778.4 16402.599835266075 1.0059429072059576
341 0.19045751576859965 6 13561 13600.2 16190.46030595611 1.0028906422830175
342 0.19045751576859965 6 14126 13544.0 16123.556593569914 0.9587993770352542
343 0.19045751576859965 6 13529 14218.0 16925.92495919795 1.0509276369280804
344 0.19045751576859965 6 13440 13524.8 16100.699809267157 1.0063095238095237
345 0.19045751576859965 6 13559 13367.8 15913.797979291487 0.9858986650932959
346 0.19045751576859965 6 13743 13531.4 16108.55682887123 0.9846030706541512
347 0.19045751576859965 6 13739 13779.4 16403.790292781843 1.0029405342455782
348 0.19045751576859965 6 13665 13661.6 16263.554397424303 0.999751189169411
349 0.19045751576859965 6 14017 13692.2 16299.982397406822 0.9768281372618963
350 0.19045751576859965 6 14501 14132.4 16824.02179584816 0.9745810633749397
351 0.19045751576859965 6 14358 14689.4 17487.10663213127 1.023081209082045
352 0.19045751576859965 6 14738 14481.0 17239.015285845093 0.9825620844076537
353 0.19045751576859965 6 14356 14937.8 17782.816279048187 1.04052660908331
354 0.19045751576859965 6 14346 14494.2 17254.72932505324 1.0103304056879967
355 0.19045751576859965 6 14518 14411.8 17156.635625753905 0.9926849428295909
356 0.19045751576859965 6 14484 14521.4 17287.109769482144 1.002582159624413
357 0.19045751576859965 6 14787 14509.2 17272.586187789766 0.9812132278352608
358 0.19045751576859965 6 14439 14796.8 17614.961769324815 1.0247801094258604
359 0.19045751576859965 6 14483 14455.6 17208.77766494457 0.9981081267693158
360 0.19045751576859965 6 15206 14510.4 17274.014736808687 0.954254899381823
361 0.19045751576859965 6 16140 15343.6 18265.903938947085 0.9506567534076829
362 0.19045751576859965 6 16145 16471.2 19608.26383372776 1.0202043976463302
363 0.19045751576859965 6 15903 16416.6 19543.264853366793 1.032295793246557
364 0.19045751576859965 6 16005 16195.8 19280.411833885086 1.011921274601687
365 0.19045751576859965 6 16110 16309.4 19415.6478076764 1.0123774053382992
366 0.19045751576859965 6 16028 16290.8 19393.505297883105 1.0163963064636885
367 0.19045751576859965 6 15922 16005.6 19053.9868143859 1.0052505966587113
368 0.19045751576859965 6 15971 15877.4 18901.370160864364 0.9941393776219397
369 0.19045751576859965 6 16041 15984.6 19028.98720655476 0.9964840097250796
370 0.19045751576859965 6 15867 16048.2 19104.700304557642 1.01141992815277
371 0.19045751576859965 6 16161 15818.4 18831.133167434018 0.9788008167811397
372 0.19045751576859965 6 16033 16187.6 19270.650082255786 1.009642612112518
373 0.19045751576859965 6 15949 16055.2 19113.033507168024 1.0066587246849332
374 0.19045751576859965 6 16029 15944.6 18981.368905924017 0.9947345436396532
375 0.19045751576859965 6 15946 16026.6 19078.98642221704 1.0050545591370876
376 0.19045751576859965 6 16130 15961.8 19001.844775195234 0.98957222566646
377 0.19045751576859965 6 16082 16123.8 19194.698892749748 1.0025991792065663
378 0.19045751576859965 6 15678 16091.8 19156.604252245153 1.0263936726623293
379 0.19045751576859965 6 15718 15623.8 18599.47013486545 0.9940068711031937
380 0.19045751576859965 6 15977 15655.8 18637.564775370043 0.9798961006446767
381 0.19045751576859965 6 15975 15983.2 19027.320566032682 1.0005133020344288
382 0.19045751576859965 6 15757 15944.0 18980.654631414553 1.0118677413213175
383 0.19045751576859965 6 16107 15692.0 18680.659337440866 0.9742348047432793
384 0.19045751576859965 6 14998 16192.8 19276.84046133778 1.079663955194026
385 0.19045751576859965 6 14641 14854.0 17683.05593922678 1.014548186599276
386 0.19045751576859965 6 15368 14373.8 17111.398240154696 0.9353071317022383
387 0.19045751576859965 6 14476 15246.6 18150.42955991753 1.0532329372754905
388 0.19045751576859965 6 14149 14219.8 16928.06778272633 1.005003887200509
389 0.19045751576859965 6 14103 13757.4 16377.600227434934 0.975494575622208
390 0.19045751576859965 6 14661 13924.0 16575.930449561984 0.9497305777232112
391 0.19045751576859965 6 14525 14665.0 17458.059468746516 1.0096385542168675
392 0.19045751576859965 6 15065 14356.4 17090.684279380326 0.9529638234317955
393 0.19045751576859965 6 14470 15182.8 18074.478370411496 1.0492605390463026
394 0.19045751576859965 6 14551 14534.2 17302.347625683982 0.998845440175933
395 0.19045751576859965 6 14464 14640.6 17429.01230536176 1.0122096238938054
396 0.19045751576859965 6 14511 14424.6 17171.873481955743 0.9940458962166633
397 0.19045751576859965 6 14812 14508.2 17271.395730274 0.9794896030245748
398 0.19045751576859965 6 14681 14761.4 17572.819573266606 1.0054764661807778
399 0.19045751576859965 6 15064 14723.2 17527.34409616425 0.9773765268189061
400 0.19045751576859965 6 14431 15166.6 18055.192958656044 1.0509735985032223
401 0.19045751576859965 6 14658 14424.4 17171.63539045259 0.9840633101378087
402 0.19045751576859965 6 14794 14687.4 17484.72571709973 0.9927943760984183
403 0.19045751576859965 6 14641 14790.4 17607.342841223897 1.010204221023154
404 0.19045751576859965 6 14699 14633.0 17419.96482824192 0.99550989863256
405 0.19045751576859965 6 14859 14626.0 17411.63162563154 0.9843192677838347
406 0.19045751576859965 6 14881 14944.6 17790.911390155416 1.0042739063234998
407 0.19045751576859965 6 14675 14925.6 17768.292697355813 1.017076660988075
408 0.19045751576859965 6 14669 14651.2 17441.63115502891 0.9987865566841639
409 0.19045751576859965 6 14985 14674.6 17469.487860897894 0.979285952619286
410 0.19045751576859965 6 14576 15042.2 17907.10004369443 1.031984083424808
411 0.19045751576859965 6 14748 14519.4 17284.728854450605 0.9844995931651749
412 0.19045751576859965 6 15170 14721.4 17525.201272635863 0.9704284772577455
413 0.19045751576859965 6 14652 15269.0 18177.095808270748 1.042110292110292
414 0.19045751576859965 6 15217 14648.6 17438.53596548791 0.9626470394953013
415 0.19045751576859965 6 14744 15263.4 18170.429246182444 1.0352278893109061
416 0.19045751576859965 6 15068 14777.6 17592.10498502206 0.9807273692593576
417 0.19045751576859965 6 15513 15132.0 18014.00312861045 0.9754399535873138
418 0.19045751576859965 6 15167 15581.6 18549.232827700012 1.0273356629524626
419 0.19045751576859965 6 15453 15270.0 18178.28626578652 0.9881576392933411
420 0.19045751576859965 6 15518 15500.2 18452.32958591645 0.998852944967135
421 0.19045751576859965 6 15707 15672.8 18657.80255313811 0.9978226268542687
422 0.19045751576859965 6 15439 15834.8 18850.65667069262 1.0256363754129152
423 0.19045751576859965 6 15557 15424.2 18361.854814718037 0.9914636498039469
424 0.19045751576859965 6 15775 15635.0 18612.803259042055 0.9911251980982567
425 0.19045751576859965 6 15791 15839.4 18856.132775265156 1.003065037046419
426 0.19045751576859965 6 15730 15845.6 18863.513611862923 1.0073490146217419
427 0.19045751576859965 6 15996 15734.6 18731.37282761261 0.9836584146036509
428 0.19045751576859965 6 15636 16107.4 19175.17538949114 1.0301483755436174
429 0.19045751576859965 6 15574 15651.8 18632.80294530697 1.004995505329395
430 0.19045751576859965 6 15881 15533.8 18492.328958446273 0.9781373968893646
431 0.19045751576859965 6 15789 15899.0 18927.084043204966 1.0069668756729369
432 0.19045751576859965 6 15567 15800.8 18810.18111515649 1.0150189503436757
433 0.19045751576859965 6 15809 15481.2 18429.710893116848 0.9792649756467835
434 0.19045751576859965 6 15515 15843.6 18861.132696831388 1.021179503706091
435 0.19045751576859965 6 15659 15503.2 18455.900958463757 0.9900504502203207
436 0.19045751576859965 6 15626 15614.6 18588.517925720378 0.9992704466914117
437 0.19045751576859965 6 15386 15593.4 18563.280226386083 1.0134797868191863
438 0.19045751576859965 6 16226 15349.8 18273.28477554485 0.9460002465179341
439 0.19045751576859965 6 15701 16309.4 19415.6478076764 1.0387491242596012
440 0.19045751576859965 6 15855 15738.2 18735.658474669377 0.992633238725954
441 0.19045751576859965 6 15656 15894.2 18921.369847129277 1.0152146142054166
442 0.19045751576859965 6 15436 15662.0 18644.945611967807 1.014641098730241
443 0.19045751576859965 6 15246 15446.0 18387.80678856179 1.0131181949363768
444 0.19045751576859965 6 15423 15050.0 17916.385612317426 0.9758153407248914
445 0.19045751576859965 6 16106 15367.4 18294.23682782238 0.9541413137961008
446 0.19045751576859965 6 15336 16156.2 19233.269716260653 1.0534820031298906
447 0.19045751576859965 6 15564 15272.0 18180.667180818054 0.9812387561038294
448 0.19045751576859965 6 15293 15589.6 18558.756487826162 1.0193944942130386
449 0.19045751576859965 6 14926 15302.4 18216.85708929742 1.0252177408548842
450 0.19045751576859965 6 14815 14826.6 17650.43740329472 1.0007829902126224
451 0.19045751576859965 6 16164 14556.8 17329.251965540352 0.9005691660480079
452 0.19045751576859965 6 15084 16329.6 19439.695049494927 1.0825775656324583
453 0.19045751576859965 6 14636 14988.0 17842.577246339773 1.0240502869636512
454 0.19045751576859965 6 15505 14504.6 17267.11008321723 0.9354788777813609
455 0.19045751576859965 6 14412 15620.8 18595.898762318142 1.0838745489869552
456 0.19045751576859965 6 14966 14331.4 17060.92284148611 0.9575972203661632
457 0.19045751576859965 6 15290 14726.4 17531.153560214705 0.963139306736429
458 0.19045751576859965 6 14411 15331.2 18251.142265751558 1.0638540004163486
459 0.19045751576859965 6 15528 14366.0 17102.112671531704 0.9251674394641937
460 0.19045751576859965 6 14508 15532.6 18490.90040942735 1.0706231044940722
461 0.19045751576859965 6 14484 14527.2 17294.014423073604 1.0029826014913008
462 0.19045751576859965 6 15206 14387.6 17127.826553872306 0.9461791398132317
463 0.19045751576859965 6 13923 15189.2 18082.097298512417 1.0909430438842205
464 0.19045751576859965 6 14821 13825.4 16458.551338507197 0.9328250455434856
465 0.19045751576859965 6 13740 14679.6 17475.440148476737 1.0683842794759826
466 0.19045751576859965 6 13689 13586.4 16174.031992238502 0.9925049309664694
467 0.19045751576859965 6 13753 13530.0 16106.890188349154 0.9837853559223442
468 0.19045751576859965 6 13798 13462.4 16026.415260283196 0.9756776344397738
469 0.19045751576859965 6 13421 13773.0 16396.171364680922 1.0262275538335444
470 0.19045751576859965 6 13850 13141.0 15643.80221471517 0.9488086642599278
471 0.19045751576859965 6 13849 13872.0 16514.026658742016 1.0016607697306665
472 0.19045751576859965 6 13564 13881.0 16524.740776383933 1.023370687112946
473 0.19045751576859965 6 13446 13526.2 16102.366449789235 1.0059645991372899
474 0.19045751576859965 6 13701 13375.6 15923.083547914483 0.9762499087657835
475 0.19045751576859965 6 14291 13757.0 16377.124044428627 0.9626338254845707
476 0.19045751576859965 6 14200 14379.2 17117.82671073985 1.0126197183098593
477 0.19045751576859965 6 13872 14270.2 16988.06684152107 1.0287053056516724
478 0.19045751576859965 6 14119 13933.6 16587.35884171336 0.9868687584106524
479 0.19045751576859965 6 14389 14253.6 16968.30524675931 0.9905900340537911
480 0.19045751576859965 6 14082 14526.6 17293.30014856414 1.0315722198551343
481 0.19045751576859965 6 14078 14040.2 16714.261612894294 0.9973149595112942
482 0.19045751576859965 6 14439 14053.6 16730.213743605593 0.9733084008587852
483 0.19045751576859965 6 14675 14552.4 17324.01395247097 0.9916456558773424
484 0.19045751576859965 6 14525 14786.2 17602.34291965767 1.0179827882960413
485 0.19045751576859965 6 14496 14552.2 17323.775860967817 1.003876931567329
486 0.19045751576859965 6 15164 14578.8 17355.44203088726 0.9614085993141651
487 0.19045751576859965 6 15100 15381.2 18310.665141539987 1.0186225165562914
488 0.19045751576859965 6 15759 15232.2 18133.286971690464 0.9665714829621169
489 0.19045751576859965 6 15199 15975.8 19018.511180415993 1.0511086255674715
490 0.19045751576859965 6 14615 15333.8 18254.237455292554 1.049182346903866
491 0.19045751576859965 6 14873 14638.8 17426.869481833375 0.9842533449875613
492 0.19045751576859965 6 15769 14814.8 17636.39000460865 0.9394888705688376
493 0.19045751576859965 6 15230 15902.8 18931.607781764887 1.0441759684832568
494 0.19045751576859965 6 15770 15124.2 18004.717559987457 0.9590488268864934
495 0.19045751576859965 6 15183 15884.2 18909.465271971592 1.046183231245472
496 0.19045751576859965 6 14990 15296.6 18209.952435705964 1.0204536357571714
497 0.19045751576859965 6 15796 15013.4 17872.814867240293 0.9504558115978728
498 0.19045751576859965 6 15200 15801.4 18810.89538966595 1.0395657894736843
499 0.19045751576859965 6 15774 15194.0 18087.811494588103 0.9632306326866996
500 0.19045751576859965 6 15228 15774.8 18779.229219746507 1.035907538744418
501 0.19045751576859965 6 15702 15237.0 18139.001167766153 0.9703859380970578
502 0.19045751576859965 6 15469 15844.4 18862.085062844002 1.0242678906199496
503 0.19045751576859965 6 15029 15403.6 18337.331389893203 1.0249251447202077
504 0.19045751576859965 6 16056 14994.8 17850.672357446998 0.9339063278525161
505 0.19045751576859965 6 15423 16112.4 19181.127677069984 1.0446994748103482
506 0.19045751576859965 6 15756 15462.0 18406.85410881409 0.9813404417364814
507 0.19045751576859965 6 15966 15766.8 18769.705559620357 0.9875234874107478
508 0.19045751576859965 6 15023 16065.4 19125.176173828862 1.0693869400252944
509 0.19045751576859965 6 16024 15021.8 17882.81471037275 0.9374563155267099
510 0.19045751576859965 6 15138 16017.6 19068.272304575123 1.0581054300435988
511 0.19045751576859965 6 14919 15081.0 17953.289795306253 1.0108586366378443
512 0.19045751576859965 6 15921 14751.6 17561.153089612075 0.9265498398341813
513 0.19045751576859965 6 15159 15912.0 18942.55999090996 1.0496734613101129
514 0.19045751576859965 6 15881 15186.2 18078.52592596511 0.9562496064479568
515 0.19045751576859965 6 14905 15852.4 18871.608722970148 1.0635625628983563
516 0.19045751576859965 6 14750 14858.4 17688.29395229616 1.0073491525423728
517 0.19045751576859965 6 15794 14716.2 17519.010893553866 0.9317588957832088
518 0.19045751576859965 6 15115 15768.6 18771.848383148743 1.0432418127687728
519 0.19045751576859965 6 15063 15106.2 17983.289324703623 1.002867954590719
520 0.19045751576859965 6 14975 14899.4 17737.102710442676 0.9949515859766277
521 0.19045751576859965 6 15080 14989.0 17843.76770385554 0.9939655172413793
522 0.19045751576859965 6 14628 15146.0 18030.669533831213 1.0354115395132621
523 0.19045751576859965 6 15086 14394.8 17136.397847985838 0.9541826859339785
524 0.19045751576859965 6 15156 15080.2 17952.33742929364 0.9949986803906045
525 0.19045751576859965 6 15091 15174.6 18064.716618782193 1.0055397256643033
526 0.19045751576859965 6 14823 15114.2 17992.812984829772 1.0196451460568037
527 0.19045751576859965 6 14919 14771.6 17584.96223992745 0.9901199812319861
528 0.19045751576859965 6 14923 14977.2 17829.720305169474 1.00363197748442
529 0.19045751576859965 6 15018 14890.4 17726.388592800755 0.9915035290984152
530 0.19045751576859965 6 15059 14990.4 17845.434344377616 0.9954445846337738
531 0.19045751576859965 6 15101 15052.6 17919.480801858423 0.9967949142440898
532 0.19045751576859965 6 14842 15156.6 18043.28838349836 1.0211966042312357
533 0.19045751576859965 6 14967 14826.6 17650.43740329472 0.990619362597715
534 0.19045751576859965 6 14896 14975.8 17828.053664647396 1.0053571428571428
535 0.19045751576859965 6 15210 14871.6 17704.007991504306 0.9777514792899409
536 0.19045751576859965 6 14869 15240.2 18142.810631816614 1.0249646916403257
537 0.19045751576859965 6 14853 14822.6 17645.675573231645 0.9979532754325726
538 0.19045751576859965 6 15026 14855.2 17684.484488245704 0.9886330360708107
539 0.19045751576859965 6 14900 15037.8 17901.86203062505 1.009248322147651
540 0.19045751576859965 6 14865 14900.8 17738.76935096475 1.0024083417423477
541 0.19045751576859965 6 14991 14796.0 17614.0094033122 0.9869921953171903
542 0.19045751576859965 6 14907 15015.4 17875.195782271832 1.0072717515261287
543 0.19045751576859965 6 14864 14917.8 17759.007128732817 1.0036194833153929
544 0.19045751576859965 6 14660 14831.6 17656.389690873562 1.0117053206002729
545 0.19045751576859965 6 14599 14612.0 17394.96522041078 1.0008904719501335
546 0.19045751576859965 6 14516 14545.8 17316.156932866896 1.0020529071369524
547 0.19045751576859965 6 14290 14421.0 17167.587834898975 1.0091672498250526
548 0.19045751576859965 6 14738 14166.6 16864.735442887446 0.961229474826978
549 0.19045751576859965 6 14626 14712.8 17514.963338000252 1.005934636947901
550 0.19045751576859965 6 14565 14619.2 17403.536514524312 1.0037212495708892
551 0.19045751576859965 6 14645 14558.2 17330.91860606243 0.9940730624786617
552 0.19045751576859965 6 14483 14670.8 17464.964122337973 1.0129669267416972
553 0.19045751576859965 6 14246 14521.6 17287.347860985297 1.019345781271936
554 0.19045751576859965 6 14382 14147.6 16842.11675008784 0.98370184953414
555 0.19045751576859965 6 15453 14333.2 17063.065665014496 0.9275351064518217
556 0.19045751576859965 6 14448 15630.6 18607.565245972673 1.0818521594684385
557 0.19045751576859965 6 15885 14408.6 17152.826161703448 0.9070569719861504
558 0.19045751576859965 6 14545 16165.4 19244.22192540572 1.11140598143692
559 0.19045751576859965 6 14670 14604.8 17386.393926297245 0.9955555555555555
560 0.19045751576859965 6 14789 14727.6 17532.58210923363 0.9958482656028129
561 0.19045751576859965 6 14985 14656.2 17447.583442607753 0.9780580580580581
562 0.19045751576859965 6 14752 15092.4 17966.861010986013 1.0230748373101952
563 0.19045751576859965 6 14564 14525.4 17291.87159954522 0.997349629222741
564 0.19045751576859965 6 14806 14567.8 17342.346998213805 0.9839119275969201
565 0.19045751576859965 6 14815 14833.2 17658.294422898794 1.001228484643942
566 0.19045751576859965 6 14908 14820.2 17642.818475193802 0.9941105446740006
567 0.19045751576859965 6 14566 14892.6 17729.007599335448 1.0224220788136757
568 0.19045751576859965 6 14745 14528.8 17295.91915509883 0.9853374025093251
569 0.19045751576859965 6 15488 14781.2 17596.390632078826 0.9543646694214877
570 0.19045751576859965 6 15326 15624.4 18600.18440937491 1.0194701813911
571 0.19045751576859965 6 14941 15428.2 18366.616644781112 1.0326082591526673
572 0.19045751576859965 6 14856 14947.6 17794.482762702723 1.006165858912224
573 0.19045751576859965 6 15221 14914.0 17754.483390172896 0.9798304973392025
574 0.19045751576859965 6 14799 15316.2 18233.285403015027 1.034948307318062
575 0.19045751576859965 6 15236 14661.2 17453.535730186595 0.9622735626148596
576 0.19045751576859965 6 15010 15218.0 18116.38247496655 1.0138574283810793
577 0.19045751576859965 6 15190 15023.8 17885.19562540429 0.9890585911784068
578 0.19045751576859965 6 15786 15256.8 18162.57222657837 0.9664766248574685
579 0.19045751576859965 6 15084 15899.0 18927.084043204966 1.0540307610713338
580 0.19045751576859965 6 15152 15141.0 18024.717246252367 0.9992740232312566
581 0.19045751576859965 6 14736 15135.2 18017.81259266091 1.0270901194353963
582 0.19045751576859965 6 14979 14681.2 17477.344880501965 0.9801188330329128
583 0.19045751576859965 6 14800 14936.8 17781.62582153242 1.0092432432432432
584 0.19045751576859965 6 14562 14602.8 17384.013011265706 1.0028018129377831
585 0.19045751576859965 6 14881 14457.6 17211.15857997611 0.9715476110476446
586 0.19045751576859965 6 17210 14826.8 17650.675494797873 0.8615223707147007
587 0.19045751576859965 6 14310 17704.8 21076.812225179903 1.2372327044025158
588 0.19045751576859965 6 14089 14176.2 16876.163835038824 1.0061892256370217
589 0.19045751576859965 6 13935 13946.8 16603.072880921507 1.0008467886616432
590 0.19045751576859965 6 14127 13809.6 16439.742109758055 0.9775323847950733
591 0.19045751576859965 6 14292 13976.2 16638.072331885105 0.9779037223621607
592 0.19045751576859965 6 14001 13708.4 16319.267809162271 0.9791014927505178
593 0.19045751576859965 6 14220 13939.2 16594.025403801665 0.9802531645569621
594 0.19045751576859965 6 13896 14246.2 16959.495861142626 1.0252014968336212
595 0.19045751576859965 6 14288 13888.2 16533.312070497468 0.9720184770436731
596 0.19045751576859965 6 13851 14320.2 17047.589717309504 1.0338748104829976
597 0.19045751576859965 6 13554 13762.8 16384.028698020084 1.0154050464807436
598 0.19045751576859965 6 13649 13464.6 16029.034266817887 0.9864898527364643
599 0.19045751576859965 6 13469 13534.8 16112.604384424842 1.00488529215235
600 0.19045751576859965 6 13137 13383.6 15932.607208040632 1.018771408997488
601 0.19045751576859965 6 12996 12906.8 15364.997064522162 0.9931363496460449
602 0.19045751576859965 6 12633 12825.0 15267.61763973229 1.0151982901923533
603 0.19045751576859965 6 12941 12448.8 14819.767522300142 0.9619658449887952
604 0.19045751576859965 6 13861 12799.4 15237.141927328614 0.9234110093066878
605 0.19045751576859965 6 13193 13939.4 16594.26349530482 1.0565754566815735
606 0.19045751576859965 6 12949 13204.2 15719.039129711746 1.019708085566453
607 0.19045751576859965 6 13133 12939.6 15404.044071039372 0.9852737379121298
608 0.19045751576859965 6 13225 13233.0 15753.32430616588 1.0006049149338374
609 0.19045751576859965 6 13633 13281.8 15811.418632935387 0.9742389789481405
610 0.19045751576859965 6 13047 13587.4 16175.222449754272 1.041419483406147
611 0.19045751576859965 6 13408 13017.8 15497.137848772476 0.9708979713603818
612 0.19045751576859965 6 13571 13499.8 16070.938371372942 0.9947535185321641
613 0.19045751576859965 6 12965 13658.6 16259.983024876996 1.0534978789047436
614 0.19045751576859965 6 13197 12913.0 15372.377901119928 0.9784799575661135
615 0.19045751576859965 6 13322 13109.8 15606.659940223188 0.9840714607416303
616 0.19045751576859965 6 13183 13377.0 15924.750188436557 1.0147159220207844
617 0.19045751576859965 6 13054 13138.0 15640.230842167863 1.0064348092538686
618 0.19045751576859965 6 13384 12950.6 15417.139103712827 0.9676180514046623
619 0.19045751576859965 6 13248 13467.8 16032.843730868346 1.016591183574879
620 0.19045751576859965 6 13331 13258.2 15783.32383556325 0.9945390443327583
621 0.19045751576859965 6 13519 13332.8 15872.131966239585 0.9862267919224794
622 0.19045751576859965 6 13573 13586.2 16173.79390073535 1.0009725189714875
623 0.19045751576859965 6 13492 13676.8 16281.649351663984 1.0136970056329677
624 0.19045751576859965 6 13636 13513.6 16087.36668509055 0.991023760633617
625 0.19045751576859965 6 13370 13713.6 16325.458188244269 1.0256993268511594
626 0.19045751576859965 6 13197 13377.8 15925.702554449172 1.013700083352277
627 0.19045751576859965 6 13185 13132.6 15633.802371582713 0.9960257868790292
628 0.19045751576859965 6 13756 13107.4 15603.802842185343 0.9528496656004652
629 0.19045751576859965 6 13236 13808.8 16438.789743745438 1.0432759141734662
630 0.19045751576859965 6 13469 13156.0 15661.659077451697 0.9767614522236246
631 0.19045751576859965 6 13444 13488.8 16057.843338699488 1.0033323415650104
632 0.19045751576859965 6 13201 13493.4 16063.319443272023 1.0221498371335505
633 0.19045751576859965 6 13296 13204.2 15719.039129711746 0.9930956678700361
634 0.19045751576859965 6 13381 13204.0 15718.80103820859 0.986772289066587
635 0.19045751576859965 6 13773 13410.0 15964.035286456921 0.9736440862557177
636 0.19045751576859965 6 13719 13833.8 16468.551181639654 1.0083679568481667
637 0.19045751576859965 6 13386 13774.0 16397.361822196694 1.0289855072463767
638 0.19045751576859965 6 13198 13423.0 15979.511234161913 1.0170480375814517
639 0.19045751576859965 6 13071 13178.4 15688.325325804914 1.0082166628414047
640 0.19045751576859965 6 13164 13009.0 15486.661822633714 0.9882254633849894
641 0.19045751576859965 6 12935 13042.2 15526.185012157232 1.00828759180518
642 0.19045751576859965 6 13112 12778.2 15211.904227994322 0.97454240390482
643 0.19045751576859965 6 12848 13057.2 15544.04187489376 1.016282689912827
644 0.19045751576859965 6 12722 12778.0 15211.666136491167 1.0044018236126395
645 0.19045751576859965 6 12784 12652.2 15061.906581007479 0.9896902377972466
646 0.19045751576859965 6 13095 12708.0 15128.334110387364 0.970446735395189
647 0.19045751576859965 6 12698 13127.0 15627.135809494408 1.0337848480075602
648 0.19045751576859965 6 13188 12615.2 15017.85965292404 0.956566575674856
649 0.19045751576859965 6 13105 13256.0 15780.704829028558 1.0115223197252956
650 0.19045751576859965 6 12859 13181.6 15692.134789855374 1.0250874873629365
651 0.19045751576859965 6 13034 12874.0 15325.950058004953 0.9877244130735001
652 0.19045751576859965 6 12998 13021.8 15501.89967883555 1.0018310509309123
653 0.19045751576859965 6 12992 13058.0 15544.994240906375 1.0050800492610839
654 0.19045751576859965 6 12856 12952.8 15419.758110247518 1.0075295581829495
655 0.19045751576859965 6 13022 12806.2 15245.237038435842 0.9834280448471817
656 0.19045751576859965 6 12818 13054.6 15540.946685352763 1.0184584178498985
657 0.19045751576859965 6 12932 12774.8 15207.856672440706 0.9878441076399628
658 0.19045751576859965 6 13136 12918.8 15379.282554711384 0.9834652862362971
659 0.19045751576859965 6 13016 13164.8 15672.13510359046 1.0114320835894284
660 0.19045751576859965 6 12847 13048.0 15533.089665748688 1.0156456760333152
661 0.19045751576859965 6 12962 12812.0 15252.141692027299 0.9884277117728746
662 0.19045751576859965 6 12978 12990.8 15464.995495846724 1.0009862844814301
663 0.19045751576859965 6 13105 12987.2 15460.709848789958 0.9910110644792065
664 0.19045751576859965 6 13116 13098.8 15593.564907549733 0.9986886245806648
665 0.19045751576859965 6 12937 13136.0 15637.849927136325 1.0153822369946666
666 0.19045751576859965 6 13364 12955.0 15422.377116782209 0.9693953906016163
667 0.19045751576859965 6 13064 13444.4 16004.987024999362 1.0291181873851807
668 0.19045751576859965 6 13015 13081.2 15572.612855272208 1.0050864387245486
669 0.19045751576859965 6 13125 12997.0 15472.37633244449 0.990247619047619
670 0.19045751576859965 6 12927 13126.8 15626.897717991254 1.015456022278951
671 0.19045751576859965 6 13301 12925.0 15386.663391309152 0.9717314487632509
672 0.19045751576859965 6 13310 13288.4 15819.27565253946 0.9983771600300526
673 0.19045751576859965 6 13442 13359.2 15903.560044655878 0.9938402023508407
674 0.19045751576859965 6 13685 13527.4 16103.794998808155 0.988483741322616
675 0.19045751576859965 6 13590 13797.0 16424.74234505937 1.0152317880794701
676 0.19045751576859965 6 13399 13722.6 16336.172305886186 1.0241510560489588
677 0.19045751576859965 6 13858 13418.6 15974.273221092533 0.9682926829268292
678 0.19045751576859965 6 13405 13967.6 16627.834397249495 1.0419694143976128
679 0.19045751576859965 6 13393 13397.6 15949.273613261392 1.0003434630030614
680 0.19045751576859965 6 13809 13334.6 15874.27478976797 0.9656455934535448
681 0.19045751576859965 6 13531 13852.8 16491.169874439256 1.0237824255413495
682 0.19045751576859965 6 13480 13557.4 16139.508724281213 1.0057418397626112
683 0.19045751576859965 6 13197 13404.4 15957.368724368618 1.0157156929605213
684 0.19045751576859965 6 13254 13155.4 15660.944802942236 0.9925607363814697
685 0.19045751576859965 6 13639 13226.2 15745.229195058655 0.9697338514553854
686 0.19045751576859965 6 13689 13605.0 16196.1745020318 0.9938636861713784
687 0.19045751576859965 6 13352 13720.6 16333.791390854649 1.0276063511084481
688 0.19045751576859965 6 13282 13326.4 15864.513038138666 1.0033428700496914
689 0.19045751576859965 6 13165 13299.0 15831.894502206607 1.0101785036080517
690 0.19045751576859965 6 13049 13147.2 15651.183051312935 1.007525480879761
691 0.19045751576859965 6 13225 12931.0 15393.806136403762 0.9777693761814745
692 0.19045751576859965 6 12920 13132.2 15633.326188576406 1.0164241486068113
693 0.19045751576859965 6 14700 12833.6 15277.8555743679 0.8730340136054422
694 0.19045751576859965 6 13095 14983.6 17837.33923327039 1.1442229858724704
695 0.19045751576859965 6 13074 13081.0 15572.374763769052 1.0005354137983784
696 0.19045751576859965 6 13584 13079.0 15569.993848737515 0.962823910482921
697 0.19045751576859965 6 12951 13655.8 16256.649743832842 1.0544205080688749
698 0.19045751576859965 6 12807 12957.2 15424.996123316902 1.0117279612711798
699 0.19045751576859965 6 13124 12428.4 14795.482188978463 0.9469978665041145
700 0.19045751576859965 6 13086 13129.8 15630.46909053856 1.0033470884915177
701 0.19045751576859965 6 13092 13088.4 15581.18414938574 0.9997250229147571
702 0.19045751576859965 6 12916 12993.6 15468.328776890878 1.0060080520284918
703 0.19045751576859965 6 13163 12909.0 15367.616071056853 0.9807034870470257
704 0.19045751576859965 6 13188 13234.2 15754.752855184803 1.003503184713376
705 0.19045751576859965 6 13298 13200.8 15714.99157415813 0.9926906301699503
706 0.19045751576859965 6 13014 13340.4 15881.179443359428 1.025080682342093
707 0.19045751576859965 6 13392 12998.4 15474.042972966567 0.9706093189964158
708 0.19045751576859965 6 13152 13487.2 16055.938606674259 1.0254866180048663
709 0.19045751576859965 6 13364 13149.8 15654.278240853931 0.9839718647111643
710 0.19045751576859965 6 13663 13399.2 15951.178345286622 0.9806923808826759
711 0.19045751576859965 6 13506 13736.0 16352.124436597485 1.0170294683844217
712 0.19045751576859965 6 13781 13604.4 16195.460227522337 0.9871852550613163
713 0.19045751576859965 6 13668 13858.8 16498.31261953387 1.0139596136962248
714 0.19045751576859965 6 14461 13771.2 16394.02854115254 0.9522992877394372
715 0.19045751576859965 6 13947 14680.4 17476.39251448935 1.0525847852584784
716 0.19045751576859965 6 13928 14003.8 16670.928959320314 1.0054422745548535
717 0.19045751576859965 6 14198 14012.4 16681.166893955928 0.9869277363008874
718 0.19045751576859965 6 13859 14281.4 17001.39996569768 1.0304783894941916
719 0.19045751576859965 6 13505 13897.2 16544.026188139385 1.029041095890411
720 0.19045751576859965 6 13519 13313.8 15849.513273439981 0.9848213625268141
721 0.19045751576859965 6 13451 13433.4 15991.891992325907 0.9986915470968701
722 0.19045751576859965 6 13205 13355.6 15899.27439759911 1.011404770920106
723 0.19045751576859965 6 13303 13006.4 15483.566633092714 0.9777042772306999
724 0.19045751576859965 6 14829 13191.8 15704.277456516213 0.8895947130622428
725 0.19045751576859965 6 13443 15093.8 17968.527651508088 1.1227999702447369
726 0.19045751576859965 6 13288 13427.8 15985.225430237602 1.0105207706201083
727 0.19045751576859965 6 13510 13255.4 15779.990554519096 0.9811547002220578
728 0.19045751576859965 6 13414 13571.0 16155.698946495666 1.0117041896526018
729 0.19045751576859965 6 13395 13436.2 15995.22527337006 1.0030757745427399
730 0.19045751576859965 6 13536 13108.2 15604.75520819796 0.968395390070922
731 0.19045751576859965 6 13670 13554.6 16136.175443237062 0.9915581565471836
732 0.19045751576859965 6 13409 13746.4 16364.50519476148 1.0251622044895219
733 0.19045751576859965 6 13550 13388.8 15938.797587122626 0.9881033210332103
734 0.19045751576859965 6 13513 13577.2 16163.079783093433 1.0047509805372605
735 0.19045751576859965 6 13839 13536.6 16114.747207953227 0.9781487101669196
736 0.19045751576859965 6 13329 13899.6 16546.883286177228 1.0428089128966915
737 0.19045751576859965 6 13860 13260.8 15786.419025104246 0.9567676767676767
738 0.19045751576859965 6 13680 13950.2 16607.12043647512 1.0197514619883041
739 0.19045751576859965 6 13917 13706.0 16316.410711124428 0.984838686498527
740 0.19045751576859965 6 17291 13997.8 16663.786214225704 0.8095425365797235
741 0.19045751576859965 6 17061 17981.4 21406.0927740415 1.0539475997889924
742 0.19045751576859965 6 17003 17807.4 21198.953166297764 1.0473092983591132
743 0.19045751576859965 6 17301 17631.6 20989.67073502564 1.0191087220391883
744 0.19045751576859965 6 13482 18025.2 21458.234813232164 1.3369826435246996
745 0.19045751576859965 6 13159 13395.0 15946.178423720394 1.0179344935025458
746 0.19045751576859965 6 13231 12332.6 14681.436358967832 0.932098858740836
747 0.19045751576859965 6 14002 12465.0 14839.052934055595 0.8902299671475503
748 0.19045751576859965 6 13403 13401.8 15954.273534827618 0.9999104678057151
749 0.19045751576859965 6 13105 12623.4 15027.621404553342 0.9632506676840901
750 0.19045751576859965 6 13600 13029.6 15511.185247458547 0.9580588235294117
751 0.19045751576859965 6 13281 13688.2 16295.220567343747 1.0306603418417288
752 0.19045751576859965 6 12661 13291.0 15822.370842080458 1.0497591027564963
753 0.19045751576859965 6 13047 12392.8 14753.101901417102 0.9498582049513298
754 0.19045751576859965 6 12712 12975.8 15447.138633110195 1.0207520453115166
755 0.19045751576859965 6 12901 12633.4 15039.525979711027 0.9792574219052786
756 0.19045751576859965 6 12941 12761.2 15191.666450226256 0.9861061741751025
757 0.19045751576859965 6 12848 12873.0 15324.759600489184 1.0019458281444582
758 0.19045751576859965 6 13093 12885.4 15339.521273684713 0.9841441991904071
759 0.19045751576859965 6 13035 13102.2 15597.612463103347 1.005155350978136
760 0.19045751576859965 6 13130 13099.6 15594.51727356235 0.9976846915460778
761 0.19045751576859965 6 12926 13175.8 15685.230136263915 1.01932539068544
762 0.19045751576859965 6 14210 12923.0 15384.282476277614 0.909429978888107
763 0.19045751576859965 6 13309 14482.4 17240.681926367168 1.0881659027725599
764 0.19045751576859965 6 13655 13352.2 15895.226842045498 0.9778249725375321
765 0.19045751576859965 6 13246 13779.0 16403.314109775536 1.0402385625849313
766 0.19045751576859965 6 13792 13269.2 15796.418868236704 0.9620939675174014
767 0.19045751576859965 6 13216 13965.2 16624.97729921165 1.0566888619854722
768 0.19045751576859965 6 13170 13017.2 15496.423574263017 0.9883978739559606
769 0.19045751576859965 6 13125 13142.2 15645.230763734093 1.0013104761904763
770 0.19045751576859965 6 13049 13019.0 15498.5663977914 0.9977009732546556
771 0.19045751576859965 6 13322 13009.6 15487.376097143175 0.9765500675574238
772 0.19045751576859965 6 13273 13228.0 15747.372018587037 0.996609658705643
773 0.19045751576859965 6 13051 13284.4 15814.513822476385 1.0178836870737875
774 0.19045751576859965 6 13473 13027.2 15508.328149420702 0.9669116009797373
775 0.19045751576859965 6 13084 13542.6 16121.88995304784 1.035050443289514
776 0.19045751576859965 6 13076 13091.0 15584.279338926739 1.0011471397981033
777 0.19045751576859965 6 13960 13026.8 15507.851966414393 0.9331518624641834
778 0.19045751576859965 6 13119 14097.4 16782.355782796258 1.0745788550956628
779 0.19045751576859965 6 13111 13132.6 15633.802371582713 1.0016474715887422
780 0.19045751576859965 6 13316 13038.6 15521.899365100464 0.9791679182937819
781 0.19045751576859965 6 13311 13362.4 15907.369508706337 1.003861467958831
782 0.19045751576859965 6 13048 13358.0 15902.131495636955 1.023758430410791
783 0.19045751576859965 6 13116 12865.6 15315.950214872497 0.9809088136627021
784 0.19045751576859965 6 13227 13115.4 15613.326502311493 0.9915627126332501
785 0.19045751576859965 6 13397 13250.2 15773.8001754371 0.9890423229081138
786 0.19045751576859965 6 13145 13413.2 15967.844750507382 1.0204031951312287
787 0.19045751576859965 6 13089 13111.8 15609.040855254725 1.0017419206967682
788 0.19045751576859965 6 12823 13097.2 15591.660175524505 1.0213834516103877
789 0.19045751576859965 6 12881 12764.4 15195.475914276714 0.9909479077711357
790 0.19045751576859965 6 12526 12811.8 15251.903600524145 1.0228165415934856
791 0.19045751576859965 6 12840 12351.8 14704.293143270588 0.9619781931464174
792 0.19045751576859965 6 12695 12779.0 15212.856594006935 1.006616778259157
793 0.19045751576859965 6 12676 12616.2 15019.050110439808 0.9952824234774378
794 0.19045751576859965 6 12700 12646.6 15055.240018919174 0.9957952755905513
795 0.19045751576859965 6 12413 12663.8 15075.715888190392 1.0202046241843228
796 0.19045751576859965 6 12696 12390.4 14750.244803379257 0.9759294265910523
797 0.19045751576859965 6 12817 12667.2 15079.763443744007 0.9883123975969417
798 0.19045751576859965 6 12711 12841.4 15287.141142990897 1.0102588309338367
799 0.19045751576859965 6 12869 12718.0 15140.238685545051 0.9882663765638355
800 0.19045751576859965 6 12647 12902.8 15360.235234459087 1.0202261405867004
801 0.19045751576859965 6 12629 12693.8 15111.42961366345 1.0051310475888826
802 0.19045751576859965 6 12674 12615.6 15018.335835930347 0.9953921413918259
803 0.19045751576859965 6 12725 12645.4 15053.81146990025 0.9937445972495088
804 0.19045751576859965 6 13366 12727.8 15151.905169199583 0.9522519826425258
805 0.19045751576859965 6 12555 13465.4 16029.986632830502 1.0725129430505775
806 0.19045751576859965 6 12981 12536.6 14924.289692184628 0.9657653493567522
807 0.19045751576859965 6 12809 13051.4 15537.137221302302 1.0189241939261457
808 0.19045751576859965 6 12797 12836.0 15280.712672405745 1.0030475892787372
809 0.19045751576859965 6 12922 12811.4 15251.427417517838 0.9914409534127844
810 0.19045751576859965 6 12900 12833.2 15277.379391361595 0.9948217054263566
811 0.19045751576859965 6 12905 12969.0 15439.04352200297 1.0049593180937622
812 0.19045751576859965 6 12850 12889.8 15344.759286754095 1.0030972762645913
813 0.19045751576859965 6 12623 12858.2 15307.14082925581 1.018632654677969
814 0.19045751576859965 6 13145 12588.2 14985.717299998289 0.957641688855078
815 0.19045751576859965 6 12871 13189.6 15701.658449981524 1.024753321420247
816 0.19045751576859965 6 12705 12865.2 15315.47403186619 1.0126092089728453
817 0.19045751576859965 6 12865 12665.0 15077.144437209316 0.9844539448115041
818 0.19045751576859965 6 12812 12868.0 15318.807312910341 1.0043709022791134
819 0.19045751576859965 6 13584 12849.8 15297.140986123351 0.9459511189634864
820 0.19045751576859965 6 13083 13671.8 16275.697064085141 1.0450049682794464
821 0.19045751576859965 6 12917 13125.4 15625.231077469178 1.0161337771928467
822 0.19045751576859965 6 12924 12959.4 15427.61512985159 1.0027390900649953
823 0.19045751576859965 6 12862 12935.8 15399.520332479451 1.0057378323744364
824 0.19045751576859965 6 13470 12872.0 15323.569142973416 0.9556050482553823
825 0.19045751576859965 6 13369 13447.2 16008.320306043515 1.0058493529807764
826 0.19045751576859965 6 13425 13426.2 15983.320698212374 1.0000893854748605
827 0.19045751576859965 6 13587 13526.6 16102.84263279554 0.9955545742253625
828 0.19045751576859965 6 13741 13719.6 16332.600933338881 0.9984426169856634
829 0.19045751576859965 6 13474 13916.8 16567.35915544845 1.0328632922665875
830 0.19045751576859965 6 13197 13474.8 16041.176933478726 1.0210502386906115
831 0.19045751576859965 6 13221 13162.6 15669.516097055772 0.995582784963316
832 0.19045751576859965 6 12968 13180.2 15690.4681493333 1.0163633559531153
833 0.19045751576859965 6 12748 12844.2 15290.47442403505 1.0075462817696894
834 0.19045751576859965 6 12872 12549.4 14939.527548386464 0.9749378495960224
835 0.19045751576859965 6 12971 12751.6 15180.238058074876 0.9830853442294349
836 0.19045751576859965 6 13074 12925.8 15387.615757321766 0.9886645250114731
837 0.19045751576859965 6 13094 13044.6 15529.042110195076 0.996227279670078
838 0.19045751576859965 6 13075 13119.2 15617.850240871414 1.0033804971319311
839 0.19045751576859965 6 13430 13140.4 15643.087940205707 0.9784363365599404
840 0.19045751576859965 6 12892 13541.6 16120.69949553207 1.0503878374185542
841 0.19045751576859965 6 13050 12876.2 15328.569064539644 0.9866819923371648
842 0.19045751576859965 6 13216 13045.2 15529.756384704539 0.9870762711864407
843 0.19045751576859965 6 13223 13240.4 15762.133691782567 1.0013158889813203
844 0.19045751576859965 6 13386 13252.6 15776.657273474944 0.9900343642611684
845 0.19045751576859965 6 13178 13377.2 15924.988279939713 1.0151161025952344
846 0.19045751576859965 6 13546 13235.2 15755.943312700572 0.9770559574782224
847 0.19045751576859965 6 13666 13645.2 16244.030894165697 0.9984779745353433
848 0.19045751576859965 6 13382 13756.0 16375.933586912857 1.0279479898370947
849 0.19045751576859965 6 13903 13413.8 15968.559025016842 0.964813349636769
850 0.19045751576859965 6 13375 14006.4 16674.024148861314 1.047207476635514
851 0.19045751576859965 6 13639 13414.4 15969.273299526303 0.9835325170467043
852 0.19045751576859965 6 13563 13657.6 16258.792567361228 1.0069748580697486
853 0.19045751576859965 6 13637 13542.4 16121.651861544684 0.9930629903937815
854 0.19045751576859965 6 13696 13688.0 16294.982475840592 0.9994158878504673
855 0.19045751576859965 6 13455 13654.6 16255.221194813921 1.0148346339650687
856 0.19045751576859965 6 13703 13471.0 16036.653194918807 0.9830694008611253
857 0.19045751576859965 6 13800 13715.8 16328.077194778958 0.9938985507246376
858 0.19045751576859965 6 13299 13847.4 16484.741403854106 1.041236183171667
859 0.19045751576859965 6 13547 13231.4 15751.41957414065 0.9767033291503654
860 0.19045751576859965 6 15360 13517.2 16091.652332147316 0.8800260416666668
861 0.19045751576859965 6 14184 15741.0 18738.991755713527 1.109771573604061
862 0.19045751576859965 6 13683 14280.2 16999.97141667876 1.0436453994007162
863 0.19045751576859965 6 13851 13659.6 16261.173482392765 0.9861815031405675
864 0.19045751576859965 6 13533 13961.4 16620.453560651727 1.0316559521170472
865 0.19045751576859965 6 13407 13530.2 16107.128279852308 1.009189229506974
866 0.19045751576859965 6 15909 13016.4 15495.471208250401 0.8181783895907976
867 0.19045751576859965 6 13827 16254.0 19349.69646130282 1.1755261444998915
868 0.19045751576859965 6 13644 13855.8 16494.741246986563 1.015523306948109
869 0.19045751576859965 6 13538 13602.6 16193.317403993955 1.0047717535825085
870 0.19045751576859965 6 13856 13539.0 16117.604305991072 0.9771218244803695
871 0.19045751576859965 6 13817 13945.8 16601.882423405736 1.0093218498950567
872 0.19045751576859965 6 13838 13398.6 15950.46407077716 0.9682468564821506
873 0.19045751576859965 6 14136 13840.2 16476.170109740575 0.979074702886248
874 0.19045751576859965 6 13955 14234.4 16945.448462456556 1.0200214976710855
875 0.19045751576859965 6 14410 14038.4 16712.118789365908 0.9742123525329632
876 0.19045751576859965 6 13192 14520.8 17286.395494972683 1.1007277137659186
877 0.19045751576859965 6 13791 13067.0 15555.708358548292 0.9475019940540933
878 0.19045751576859965 6 13800 13781.6 16406.409299316536 0.9986666666666667
879 0.19045751576859965 6 13504 13732.8 16348.314972547025 1.0169431279620853
880 0.19045751576859965 6 13816 13413.8 15968.559025016842 0.9708888245512449
881 0.19045751576859965 6 13263 13697.2 16305.934684985665 1.032737691321722
882 0.19045751576859965 6 14571 13277.2 15805.942528362853 0.9112071923684031
883 0.19045751576859965 6 14674 14727.0 17531.86783472417 1.003611830448412
884 0.19045751576859965 6 13899 14848.8 17676.865560144783 1.0683358515001078
885 0.19045751576859965 6 13616 13978.0 16640.215155413487 1.0265863689776733
886 0.19045751576859965 6 13154 13576.0 16161.65123407451 1.0320814961228524
887 0.19045751576859965 6 13156 13132.2 15633.326188576406 0.9981909394952874
888 0.19045751576859965 6 13146 12873.0 15324.759600489184 0.9792332268370607
889 0.19045751576859965 6 12884 12840.4 15285.950685475127 0.9966159577770878
890 0.19045751576859965 6 13214 12681.0 15096.191757461613 0.959663992734978
891 0.19045751576859965 6 12937 13133.6 15634.99282909848 1.0151967225786505
892 0.19045751576859965 6 12835 12893.6 15349.283025314018 1.0045656408258667
893 0.19045751576859965 6 13279 12770.8 15203.094842377632 0.9617290458618871
894 0.19045751576859965 6 13312 13305.6 15839.75152181068 0.9995192307692308
895 0.19045751576859965 6 13496 13397.6 15949.273613261392 0.9927089508002371
896 0.19045751576859965 6 12992 13552.4 16133.55643670237 1.043134236453202
897 0.19045751576859965 6 13056 13003.0 15479.519077539102 0.9959405637254902
898 0.19045751576859965 6 12789 13100.2 15595.231548071812 1.0243334115255298
899 0.19045751576859965 6 12858 12691.0 15108.0963326193 0.9870119769793125
