8 0.29271215413236695 7 15952 16251.333333333334 21008.296120856474 1.0187646272149784
9 0.29271215413236695 7 16020 16156.166666666666 20885.27301418821 1.0084997919267582
10 0.29271215413236695 7 15984 16066.666666666666 20769.575276393363 1.0051718385051718
11 0.29271215413236695 7 16873 16004.333333333334 20688.99621878578 0.9485173551433257
12 0.29271215413236695 7 16843 17030.166666666668 22015.1034368999 1.011112430485464
13 0.29271215413236695 7 16177 16892.5 21837.14006368101 1.0442294615812573
14 0.29271215413236695 7 16180 16166.833333333334 20899.06194383229 0.9991862381540998
15 0.29271215413236695 7 14988 16218.0 20965.205715718726 1.0820656525220176
16 0.29271215413236695 7 14883 14816.0 19152.82327562515 0.9954982194450044
17 0.29271215413236695 7 15533 14699.5 19002.222309668727 0.9463400502156699
18 0.29271215413236695 7 15978 15309.666666666666 19790.99217571516 0.9581716526891142
19 0.29271215413236695 7 14235 15833.833333333334 20468.58879650621 1.1123170588924014
20 0.29271215413236695 7 14136 13911.333333333334 17983.349680186733 0.9841067723071119
21 0.29271215413236695 7 14352 13795.333333333334 17833.39507030738 0.961213303604608
22 0.29271215413236695 7 14102 14246.0 18415.977347769698 1.010211317543611
23 0.29271215413236695 7 13606 13971.833333333334 18061.55876551174 1.0268876476064481
24 0.29271215413236695 7 14192 13284.833333333334 17173.465515622807 0.9360790116497558
25 0.29271215413236695 7 14408 13894.333333333334 17961.373573566485 0.9643485100869887
26 0.29271215413236695 7 14524 14436.833333333334 18662.669917183295 0.9939984393647296
27 0.29271215413236695 7 14674 14588.666666666666 18858.946712585723 0.9941847258189087
28 0.29271215413236695 7 14834 14727.666666666666 19038.633702010124 0.9928317828412205
29 0.29271215413236695 7 14534 14956.0 19333.80297720368 1.0290353653502133
30 0.29271215413236695 7 14520 14688.666666666666 18988.21792799896 1.0116161616161616
31 0.29271215413236695 7 14848 14574.666666666666 18840.848742427872 0.9815912356321839
32 0.29271215413236695 7 14768 14921.333333333334 19288.988955860426 1.0103828096785843
33 0.29271215413236695 7 14703 14808.666666666666 19143.343386494846 1.0071867419347524
34 0.29271215413236695 7 14594 14707.833333333334 19012.994910953166 1.0078000091361747
35 0.29271215413236695 7 14500 14554.0 18814.13269124247 1.0037241379310344
36 0.29271215413236695 7 14529 14494.333333333334 18737.000866045906 0.9976139674673642
37 0.29271215413236695 7 14472 14530.5 18783.75395562036 1.004042288557214
38 0.29271215413236695 7 14600 14409.333333333334 18627.120332944654 0.9869406392694065
39 0.29271215413236695 7 14698 14572.0 18837.40151001685 0.9914274050891277
40 0.29271215413236695 7 14534 14697.166666666666 18999.205981309085 1.0112265492408605
41 0.29271215413236695 7 14412 14524.0 18775.351326618496 1.0077713016930336
42 0.29271215413236695 7 14839 14397.333333333334 18611.607787095065 0.9702360895837545
43 0.29271215413236695 7 14389 14890.666666666666 19249.345783133696 1.034864595640188
44 0.29271215413236695 7 14689 14375.166666666666 18582.952667678463 0.9786348060907254
45 0.29271215413236695 7 14681 14703.833333333334 19007.824062336636 1.001555298231274
46 0.29271215413236695 7 14657 14678.166666666666 18974.64445038057 1.0014441336335311
47 0.29271215413236695 7 14596 14677.5 18973.782642277816 1.0055837215675527
48 0.29271215413236695 7 14142 14626.666666666666 18908.069774442753 1.0342714373261679
49 0.29271215413236695 7 14229 14025.833333333334 18131.36522183489 0.985721648276993
50 0.29271215413236695 7 14150 14202.333333333334 18359.528917039253 1.003698468786808
51 0.29271215413236695 7 14272 14060.166666666666 18175.748339126767 0.9851574177877429
52 0.29271215413236695 7 14623 14203.833333333334 18361.467985270454 0.9713351113542593
53 0.29271215413236695 7 14131 14617.333333333334 18896.004461004188 1.0344160592550657
54 0.29271215413236695 7 14513 14053.5 18167.13025809922 0.9683387307930821
55 0.29271215413236695 7 14578 14574.833333333334 18841.06419445356 0.9997827777015594
56 0.29271215413236695 7 15504 14636.166666666666 18920.35053990701 0.9440251977984175
57 0.29271215413236695 7 14014 15729.666666666666 20333.931280450754 1.1224251938537653
58 0.29271215413236695 7 14350 13971.0 18060.481505383297 0.973588850174216
59 0.29271215413236695 7 14522 14304.5 18491.60100878644 0.9850227241426801
60 0.29271215413236695 7 14498 14587.166666666666 18857.007644354526 1.0061502736009564
61 0.29271215413236695 7 14266 14495.5 18738.509030225727 1.0160872003364643
62 0.29271215413236695 7 14285 14214.0 18374.610558837463 0.9950297514875743
63 0.29271215413236695 7 14500 14081.833333333334 18203.757102466305 0.9711609195402299
64 0.29271215413236695 7 14245 14581.0 18849.035919404043 1.0235872235872236
65 0.29271215413236695 7 16177 14227.5 18392.06217291825 0.8794893985287754
66 0.29271215413236695 7 18289 16452.833333333332 21268.777619914144 0.8996026755609018
67 0.29271215413236695 7 18717 18920.833333333332 24459.191216312825 1.0108902780003917
68 0.29271215413236695 7 18373 19458.833333333332 25154.670355236038 1.0590994031096355
69 0.29271215413236695 7 17491 19054.333333333332 24631.768288889496 1.0893792998303888
70 0.29271215413236695 7 14686 17989.5 23255.245296764217 1.224942121748604
71 0.29271215413236695 7 14313 14759.5 19079.78503891667 1.0311954167539998
72 0.29271215413236695 7 14617 14002.333333333334 18100.98648621278 0.9579485074456683
73 0.29271215413236695 7 15188 14005.0 18104.4337186238 0.9221095601790887
74 0.29271215413236695 7 14704 14599.833333333334 18873.381998306868 0.9929157598839319
75 0.29271215413236695 7 14457 14092.5 18217.546032110382 0.9747873002697656
76 0.29271215413236695 7 14566 13951.333333333334 18035.058166352028 0.9578012723694449
77 0.29271215413236695 7 14857 14546.0 18803.79099400941 0.9790671064144848
78 0.29271215413236695 7 14566 14947.666666666666 19323.030375919243 1.0262025722001007
79 0.29271215413236695 7 15146 14557.5 18818.657183781932 0.9611448567278489
80 0.29271215413236695 7 14981 15139.0 19570.369301409904 1.0105466924771378
81 0.29271215413236695 7 14444 15027.166666666666 19425.800992172764 1.0403743192098218
82 0.29271215413236695 7 15518 14441.833333333334 18669.133477953954 0.9306504274605835
83 0.29271215413236695 7 14581 15676.666666666666 20265.417536281737 1.0751434515236724
84 0.29271215413236695 7 14224 14535.0 18789.571160313953 1.0218644544431945
85 0.29271215413236695 7 14741 14167.0 18313.85308759324 0.9610609863645614
86 0.29271215413236695 7 14469 14673.5 18968.611793661286 1.0141336650770614
87 0.29271215413236695 7 14654 14383.666666666666 18593.940720988587 0.9815522496701696
88 0.29271215413236695 7 14295 14689.0 18988.648832050338 1.0275620846449807
89 0.29271215413236695 7 14593 14091.166666666666 18215.82241590487 0.965611366180132
90 0.29271215413236695 7 14343 14595.0 18867.133889561897 1.0175695461200585
91 0.29271215413236695 7 14403 14362.833333333334 18567.009217777497 0.9972112291420769
92 0.29271215413236695 7 14638 14346.666666666666 18546.11037128569 0.9800974632235733
93 0.29271215413236695 7 14696 14666.166666666666 18959.131904530983 0.9979699691526038
94 0.29271215413236695 7 14166 14703.0 19006.746802208192 1.0379076662431173
95 0.29271215413236695 7 14019 14144.5 18284.767064125263 1.0089521363863327
96 0.29271215413236695 7 14693 13923.333333333334 17998.862226036323 0.94761677896504
97 0.29271215413236695 7 14367 14751.333333333334 19069.227889657923 1.0267511194635857
98 0.29271215413236695 7 14372 14361.0 18564.63924549492 0.999234622877818
99 0.29271215413236695 7 14417 14327.666666666666 18521.548840357176 0.9938036114771912
100 0.29271215413236695 7 14821 14370.5 18576.92001095918 0.9696039403549018
101 0.29271215413236695 7 14460 14930.166666666666 19300.407913221927 1.0325149838635315
102 0.29271215413236695 7 14553 14533.5 18787.632092082757 0.9986600700886415
103 0.29271215413236695 7 14538 14529.666666666666 18782.676695491915 0.9994267895629844
104 0.29271215413236695 7 14677 14566.5 18830.291593169124 0.9924712134632419
105 0.29271215413236695 7 14621 14727.833333333334 19038.84915403581 1.0073068417572897
106 0.29271215413236695 7 14868 14655.0 18944.696618809838 0.9856739305891848
107 0.29271215413236695 7 14473 14875.833333333334 19230.1705528474 1.0278334369745965
108 0.29271215413236695 7 14546 14475.166666666666 18712.2238830917 0.995130390943673
109 0.29271215413236695 7 14620 14544.833333333334 18802.28282982959 0.994858641130871
110 0.29271215413236695 7 14445 14633.666666666666 18917.11875952168 1.0130610361139956
111 0.29271215413236695 7 14765 14406.333333333334 18623.242196482257 0.9757083192233886
112 0.29271215413236695 7 14709 14789.0 19117.920047463576 1.0054388469644435
113 0.29271215413236695 7 14443 14682.5 18980.24620304848 1.0165824274735167
114 0.29271215413236695 7 14510 14438.0 18664.178081363116 0.9950379048931771
115 0.29271215413236695 7 14447 14504.0 18749.49708353585 1.003945455803973
116 0.29271215413236695 7 14583 14418.166666666666 18638.539290306155 0.9886968845002171
117 0.29271215413236695 7 14368 14606.0 18881.35372325735 1.0165645879732739
118 0.29271215413236695 7 14448 14301.833333333334 18488.153776375424 0.9898832595053526
119 0.29271215413236695 7 14286 14404.5 18620.87222419968 1.008294834103318
120 0.29271215413236695 7 14689 14259.833333333334 18433.859865901864 0.9707831256949645
121 0.29271215413236695 7 14554 14718.833333333334 19027.21474464862 1.0113256378544273
122 0.29271215413236695 7 14589 14571.833333333334 18837.186057991163 0.9988233143692737
123 0.29271215413236695 7 14486 14590.0 18860.670328791235 1.007179345575038
124 0.29271215413236695 7 14457 14505.666666666666 18751.651603792736 1.0033663046736299
125 0.29271215413236695 7 14747 14458.5 18690.67868052283 0.980436698989625
126 0.29271215413236695 7 15168 14823.833333333334 19162.94952083252 0.9773096870604783
127 0.29271215413236695 7 14600 15247.833333333334 19711.059474184643 1.0443721461187214
128 0.29271215413236695 7 15121 14607.666666666666 18883.50824351424 0.9660516279787491
129 0.29271215413236695 7 14541 15209.666666666666 19661.720960301922 1.0459849162139239
130 0.29271215413236695 7 14424 14550.166666666666 18809.17729465163 1.0087469957478277
131 0.29271215413236695 7 14536 14418.5 18638.970194357535 0.9919166208035223
132 0.29271215413236695 7 14239 14500.833333333334 18745.403495047765 1.0183884636093359
133 0.29271215413236695 7 14562 14084.166666666666 18206.773430825942 0.9671862839353568
134 0.29271215413236695 7 14310 14555.666666666666 18816.287211499355 1.0171674819473562
135 0.29271215413236695 7 14655 14174.833333333334 18323.979332800613 0.9672353008074606
136 0.29271215413236695 7 14388 14674.0 18969.258149738354 1.0198776758409787
137 0.29271215413236695 7 14671 14382.0 18591.7862007317 0.9803012746234068
138 0.29271215413236695 7 14350 14693.5 18994.466036743936 1.023937282229965
139 0.29271215413236695 7 14618 14368.5 18574.334586650915 0.9829320016418115
140 0.29271215413236695 7 14543 14627.333333333334 18908.93158254551 1.0057988952302368
141 0.29271215413236695 7 14507 14581.833333333334 18850.113179532487 1.0051584292640334
142 0.29271215413236695 7 15098 14482.333333333334 18721.488320196317 0.9592219720051222
143 0.29271215413236695 7 14634 15216.333333333334 19670.339041329473 1.039793175709535
144 0.29271215413236695 7 14867 14627.833333333334 18909.577938622577 0.9839129167507455
145 0.29271215413236695 7 14950 14953.166666666666 19330.14029276697 1.000211817168339
146 0.29271215413236695 7 14688 15005.333333333334 19397.576776807546 1.021604938271605
147 0.29271215413236695 7 14905 14712.166666666666 19018.596663621072 0.9870625069887062
148 0.29271215413236695 7 14751 14971.333333333334 19353.624563567046 1.0149368404401962
149 0.29271215413236695 7 14604 14693.166666666666 18994.035132692556 1.0061056331598648
150 0.29271215413236695 7 14678 14599.0 18872.304738178424 0.9946177953399645
151 0.29271215413236695 7 14549 14646.5 18933.708565499714 1.006701491511444
152 0.29271215413236695 7 14982 14482.166666666666 18721.272868170625 0.966637743069461
153 0.29271215413236695 7 14568 15031.0 19430.756388763606 1.031781987918726
154 0.29271215413236695 7 14450 14511.833333333334 18759.623328743222 1.0042791234140716
155 0.29271215413236695 7 14381 14399.833333333334 18614.839567480398 1.0013095983125884
156 0.29271215413236695 7 14586 14343.833333333334 18542.447686848984 0.9833973216326158
157 0.29271215413236695 7 14696 14570.666666666666 18835.677893811342 0.9914716022500453
158 0.29271215413236695 7 14720 14720.5 19029.36926490551 1.0000339673913043
159 0.29271215413236695 7 14802 14676.333333333334 18972.274478097996 0.9915101562851867
160 0.29271215413236695 7 14904 14841.0 19185.141079478457 0.9957729468599034
161 0.29271215413236695 7 14848 14979.666666666666 19364.397164851478 1.0088676364942528
162 0.29271215413236695 7 14981 14925.833333333334 19294.80616055402 0.9963175577954299
163 0.29271215413236695 7 14983 15046.833333333334 19451.224331204037 1.0042603839907451
164 0.29271215413236695 7 15049 15030.833333333334 19430.540936737918 0.9987928323033646
165 0.29271215413236695 7 14665 15103.833333333334 19524.908923989584 1.0299238549835208
166 0.29271215413236695 7 14724 14642.166666666666 18928.106812831804 0.994442180566875
167 0.29271215413236695 7 14997 14694.0 18995.112392821 0.9797959591918384
168 0.29271215413236695 7 14738 15021.833333333334 19418.90652735073 1.0192586058714435
169 0.29271215413236695 7 14932 14697.5 18999.63688536046 0.9842954728100723
170 0.29271215413236695 7 14996 14923.5 19291.78983219438 0.9951653774339824
171 0.29271215413236695 7 14539 14987.166666666666 19374.092506007473 1.0308251369878716
172 0.29271215413236695 7 15771 14518.0 18767.5950536937 0.9205503772747448
173 0.29271215413236695 7 14981 15945.5 20612.94165371766 1.064381549963287
174 0.29271215413236695 7 14931 14978.333333333334 19362.67354864597 1.0031701381912352
175 0.29271215413236695 7 14202 14963.166666666666 19343.067414308294 1.0535957376895273
176 0.29271215413236695 7 14158 14080.333333333334 18201.818034235104 0.9945142910957292
177 0.29271215413236695 7 14492 14018.333333333334 18121.6698806789 0.9673153003956206
178 0.29271215413236695 7 14458 14484.166666666666 18723.85829247889 1.0018098399963111
179 0.29271215413236695 7 14365 14239.166666666666 18407.143814716463 0.9912402830954866
180 0.29271215413236695 7 14358 14262.333333333334 18437.091646287197 0.9933370478711055
181 0.29271215413236695 7 14418 14262.5 18437.307098312882 0.9892148703010126
182 0.29271215413236695 7 14303 14454.0 18684.86147582923 1.0105572257568343
183 0.29271215413236695 7 14351 14327.166666666666 18520.90248428011 0.9983392562655331
184 0.29271215413236695 7 14648 14327.5 18521.333388331488 0.978119879847078
185 0.29271215413236695 7 14548 14679.666666666666 18976.58351861177 1.0090504994959215
186 0.29271215413236695 7 14467 14578.5 18845.80413901871 1.0077071956867354
187 0.29271215413236695 7 14693 14485.166666666666 18725.151004633022 0.9858549422627555
188 0.29271215413236695 7 14600 14738.833333333334 19053.06898773127 1.0095091324200913
189 0.29271215413236695 7 14748 14649.5 18937.58670196211 0.9933211282885815
190 0.29271215413236695 7 14933 14814.166666666666 19150.453303342572 0.9920422330855599
191 0.29271215413236695 7 14200 14980.5 19365.474424979922 1.0549647887323943
192 0.29271215413236695 7 14597 14142.0 18281.535283739933 0.9688292114818113
193 0.29271215413236695 7 14750 14618.666666666666 18897.728077209693 0.9910960451977401
194 0.29271215413236695 7 14665 14759.5 19079.78503891667 1.0064439140811456
195 0.29271215413236695 7 14548 14675.833333333334 18971.62812202093 1.008787003940977
196 0.29271215413236695 7 14669 14514.666666666666 18763.286013179928 0.9894789465312336
197 0.29271215413236695 7 14755 14625.0 18905.915254185868 0.9911894273127754
198 0.29271215413236695 7 14465 14847.5 19193.54370848032 1.026443138610439
199 0.29271215413236695 7 14275 14443.0 18670.641642133774 1.011768826619965
200 0.29271215413236695 7 14302 14195.833333333334 18351.126288037394 0.9925767957861372
201 0.29271215413236695 7 14335 14241.5 18410.160143076104 0.9934775026159749
202 0.29271215413236695 7 14384 14299.5 18485.137448015783 0.9941254171301446
203 0.29271215413236695 7 14636 14336.5 18532.96779771868 0.9795367586772342
204 0.29271215413236695 7 14534 14616.166666666666 18894.496296824364 1.0056534103940187
205 0.29271215413236695 7 14914 14545.5 18803.144637932342 0.9752916722542577
206 0.29271215413236695 7 14278 15020.5 19417.182911145217 1.0520030816640986
207 0.29271215413236695 7 14652 14274.0 18452.173288085407 0.9742014742014742
208 0.29271215413236695 7 14244 14704.833333333334 19009.11677449077 1.0323528035196106
209 0.29271215413236695 7 16856 14220.666666666666 18383.228639865014 0.8436560670779939
210 0.29271215413236695 7 24355 17226.0 22268.259567084155 0.7072880312050913
211 0.29271215413236695 7 19016 25991.833333333332 33599.95885818279 1.3668402047398682
212 0.29271215413236695 7 14535 19699.666666666668 25465.998532356254 1.3553262240568742
213 0.29271215413236695 7 14684 14577.833333333334 18844.942330915957 0.9927699082902025
214 0.29271215413236695 7 14143 14689.333333333334 18989.079736101718 1.0386292394352918
215 0.29271215413236695 7 14423 14126.166666666666 18261.067341299502 0.9794194457925998
216 0.29271215413236695 7 15231 14017.5 18120.592620550455 0.9203269647429584
217 0.29271215413236695 7 14507 13710.333333333334 17723.51453720613 0.9450839824452564
218 0.29271215413236695 7 14466 13755.5 17781.902036167772 0.950884833402461
219 0.29271215413236695 7 14470 14454.5 18685.5078319063 0.9989288182446441
220 0.29271215413236695 7 14337 14434.333333333334 18659.438136797962 1.0067889609634746
221 0.29271215413236695 7 14266 14369.333333333334 18575.41184677936 1.0072433291275293
222 0.29271215413236695 7 14100 14239.833333333334 18408.00562281922 1.0099172576832152
223 0.29271215413236695 7 14312 13911.5 17983.56513221242 0.9720164896590274
224 0.29271215413236695 7 14116 14279.5 18459.283204933134 1.0115826013034854
225 0.29271215413236695 7 13959 14057.666666666666 18172.516558741438 1.0070683191250567
226 0.29271215413236695 7 14386 13873.833333333334 17934.87297440677 0.9643982575652255
227 0.29271215413236695 7 14282 14394.166666666666 18607.51419860698 1.0078537086309107
228 0.29271215413236695 7 14079 14284.666666666666 18465.962217729484 1.0146080450789592
229 0.29271215413236695 7 14046 14075.5 18195.56992549013 1.002100242061797
230 0.29271215413236695 7 14428 14001.666666666666 18100.124678110024 0.9704509749561039
231 0.29271215413236695 7 14066 14480.0 18718.47199183667 1.029432674534338
232 0.29271215413236695 7 14440 14083.833333333334 18206.34252677457 0.9753347183748846
233 0.29271215413236695 7 14603 14449.0 18678.39791505857 0.9894542217352599
234 0.29271215413236695 7 14822 14656.5 18946.635687041035 0.9888341654297665
235 0.29271215413236695 7 14607 14945.833333333334 19320.66040363667 1.0231966408799436
236 0.29271215413236695 7 14363 14700.5 19003.51502182286 1.0234978764881988
237 0.29271215413236695 7 14347 14352.166666666666 18553.22028813342 1.0003601217443832
238 0.29271215413236695 7 14587 14393.833333333334 18607.083294555603 0.9867576152281713
239 0.29271215413236695 7 14402 14611.5 18888.46364010508 1.0145465907512845
240 0.29271215413236695 7 14374 14368.5 18574.334586650915 0.9996173646862391
241 0.29271215413236695 7 14345 14299.333333333334 18484.921995990095 0.9968165446729407
242 0.29271215413236695 7 14727 14301.333333333334 18487.50742029836 0.9710961725628664
243 0.29271215413236695 7 14531 14787.666666666666 19116.196431258064 1.0176633863234923
244 0.29271215413236695 7 14538 14561.666666666666 18824.04348442415 1.0016279176411245
245 0.29271215413236695 7 15050 14529.833333333334 18782.892147517603 0.965437430786268
246 0.29271215413236695 7 15172 15158.0 19594.930832338418 0.9990772475612971
247 0.29271215413236695 7 15420 15305.0 19784.959518995875 0.9925421530479897
248 0.29271215413236695 7 14549 15599.166666666666 20165.23234433648 1.0721813641258275
249 0.29271215413236695 7 15170 14519.333333333334 18769.318669899214 0.9571083278400352
250 0.29271215413236695 7 15034 15276.5 19748.117222603105 1.0161301050951177
251 0.29271215413236695 7 15143 15116.666666666666 19541.498729967614 0.9982610226947544
252 0.29271215413236695 7 14523 15158.5 19595.577188415486 1.043758176685258
253 0.29271215413236695 7 14667 14414.833333333334 18634.23024979238 0.9828072089270699
254 0.29271215413236695 7 14917 14541.5 18797.973789315813 0.9748273781591473
255 0.29271215413236695 7 14771 14978.333333333334 19362.67354864597 1.0140365129871596
256 0.29271215413236695 7 14545 14704.5 19008.68587043939 1.0109659676864902
257 0.29271215413236695 7 14738 14463.5 18697.142241293488 0.9813746777038947
258 0.29271215413236695 7 14413 14670.5 18964.73365719889 1.0178658155831541
259 0.29271215413236695 7 14823 14394.666666666666 18608.160554684044 0.9711034653354021
260 0.29271215413236695 7 14449 14849.0 19195.482776711517 1.027683576718112
261 0.29271215413236695 7 15599 14371.0 18577.566367036245 0.9212770049362139
262 0.29271215413236695 7 14372 15737.0 20343.411169581057 1.0949763428889507
263 0.29271215413236695 7 16133 14343.166666666666 18541.585878746228 0.8890576251575445
264 0.29271215413236695 7 14756 16365.5 21155.88075845325 1.1090742748712388
265 0.29271215413236695 7 15177 14813.166666666666 19149.16059118844 0.9760273220443214
266 0.29271215413236695 7 15502 15236.0 19695.762380360742 0.982840923751774
267 0.29271215413236695 7 15063 15677.5 20266.49479641018 1.0407953262962226
268 0.29271215413236695 7 15516 14973.666666666666 19356.640891926683 0.9650468333762997
269 0.29271215413236695 7 14538 15706.666666666666 20304.19890090571 1.080387031687073
270 0.29271215413236695 7 15095 14272.166666666666 18449.80331580283 0.94548967649332
271 0.29271215413236695 7 14944 15151.5 19586.52820333656 1.0138851713062098
272 0.29271215413236695 7 15158 14905.166666666666 19268.09010936862 0.9833201389805163
273 0.29271215413236695 7 14737 15100.666666666666 19520.815335501495 1.0246771165547035
274 0.29271215413236695 7 14755 14682.666666666666 18980.461655074167 0.9950977069919801
275 0.29271215413236695 7 14024 14628.166666666666 18910.008842673953 1.0430809089180453
276 0.29271215413236695 7 14214 13938.333333333334 18018.25290834831 0.9806059753294875
277 0.29271215413236695 7 14304 14067.166666666666 18184.797324205694 0.9834428598061148
278 0.29271215413236695 7 14096 14197.333333333334 18353.06535626859 1.0071888006053726
279 0.29271215413236695 7 14690 13919.0 17993.260473368417 0.9475153165418652
280 0.29271215413236695 7 14058 14682.166666666666 18979.8152989971 1.0443993929909423
281 0.29271215413236695 7 13983 13941.833333333334 18022.77740088777 0.9970559488903192
282 0.29271215413236695 7 14918 13976.166666666666 18067.160518179648 0.9368659784600258
283 0.29271215413236695 7 14826 15035.333333333334 19436.358141431516 1.0141193398983768
284 0.29271215413236695 7 14076 14913.0 19278.216354575987 1.0594629156010231
285 0.29271215413236695 7 14433 14072.666666666666 18191.90724105342 0.975034065451858
286 0.29271215413236695 7 14333 14390.166666666666 18602.34334999045 1.0039884648480197
287 0.29271215413236695 7 14627 14378.833333333334 18587.692612243616 0.9830336592146943
288 0.29271215413236695 7 14771 14734.333333333334 19047.251783037675 0.9975176584749397
289 0.29271215413236695 7 14317 14746.5 19062.97978091295 1.02999930152965
290 0.29271215413236695 7 14110 14232.166666666666 18398.094829637535 1.0086581620600046
291 0.29271215413236695 7 14517 14115.666666666666 18247.493863681113 0.9723542513375123
292 0.29271215413236695 7 14343 14531.0 18784.400311697424 1.0131074391689325
293 0.29271215413236695 7 14527 14344.666666666666 18543.524946977424 0.9874486588192102
294 0.29271215413236695 7 14773 14510.333333333334 18757.684260512022 0.9822198154290486
295 0.29271215413236695 7 14116 14773.333333333334 19097.667557048837 1.0465665438745633
296 0.29271215413236695 7 14504 14082.5 18204.618910569057 0.9709390512961942
297 0.29271215413236695 7 14296 14569.666666666666 18834.38518165721 1.0191428837903376
298 0.29271215413236695 7 13718 14259.166666666666 18432.99805779911 1.039449385235943
299 0.29271215413236695 7 14273 13613.833333333334 17598.767814332357 0.9538172306686284
300 0.29271215413236695 7 14213 14230.666666666666 18396.155761406335 1.0012429935036
301 0.29271215413236695 7 14941 14119.666666666666 18252.664712297643 0.945028222118109
302 0.29271215413236695 7 14929 15078.5 19492.160216084896 1.0100140665818207
303 0.29271215413236695 7 14290 14999.833333333334 19390.466859959815 1.0496734313039422
304 0.29271215413236695 7 14627 14289.0 18471.56397039739 0.9768920489505709
305 0.29271215413236695 7 14402 14778.5 19104.346569845184 1.026142202471879
306 0.29271215413236695 7 14922 14423.5 18645.433755128193 0.9665929500067015
307 0.29271215413236695 7 14530 15040.166666666666 19442.606250176486 1.035111264051388
308 0.29271215413236695 7 14344 14461.5 18694.556816985223 1.00819157836029
309 0.29271215413236695 7 14567 14246.5 18416.623703846766 0.9779982151438182
310 0.29271215413236695 7 14557 14613.166666666666 18890.618160361966 1.0038583957317213
311 0.29271215413236695 7 14403 14545.333333333334 18802.929185906654 1.0098822004674952
312 0.29271215413236695 7 14465 14403.166666666666 18619.148607994168 0.9957253139762645
313 0.29271215413236695 7 14236 14388.833333333334 18600.61973378494 1.0107356935468765
314 0.29271215413236695 7 14207 14187.0 18339.70733067589 0.9985922432603646
315 0.29271215413236695 7 13908 14184.166666666666 18336.04464623918 1.019856677212156
316 0.29271215413236695 7 14479 13798.166666666666 17837.057754744088 0.952977876004328
317 0.29271215413236695 7 14281 14466.0 18700.37402167882 1.0129542749107205
318 0.29271215413236695 7 14455 14260.666666666666 18434.937126030305 0.9865559783235328
319 0.29271215413236695 7 14246 14453.333333333334 18683.99966772648 1.014553792877533
320 0.29271215413236695 7 14165 14247.666666666666 18418.131868026587 1.0058359807036121
321 0.29271215413236695 7 14253 14158.0 18302.218678206053 0.9933347365466919
322 0.29271215413236695 7 15025 14310.5 18499.357281711236 0.9524459234608985
323 0.29271215413236695 7 15512 15116.0 19540.636921864858 0.9744713769984528
324 0.29271215413236695 7 15033 15717.166666666666 20317.7723785241 1.0455109869398433
325 0.29271215413236695 7 15475 15129.333333333334 19557.873083919956 0.9776628971459344
326 0.29271215413236695 7 15120 15679.833333333334 20269.511124769826 1.0370260141093475
327 0.29271215413236695 7 15020 15279.166666666666 19751.564455014122 1.01725477141589
328 0.29271215413236695 7 14923 15147.833333333334 19581.78825877141 1.0150662288637227
329 0.29271215413236695 7 15445 14906.0 19269.167369497063 0.9651019747491097
330 0.29271215413236695 7 15456 15433.833333333334 19951.503934853263 0.9985658212560387
331 0.29271215413236695 7 15451 15526.5 20071.295261136194 1.0048864151187626
332 0.29271215413236695 7 15397 15447.0 19968.524644882673 1.003247385854387
333 0.29271215413236695 7 15022 15443.166666666666 19963.56924829183 1.0280366573470021
334 0.29271215413236695 7 15130 15022.333333333334 19419.552883427794 0.9928838951310862
335 0.29271215413236695 7 16042 15164.5 19603.33346134028 0.9452998379254457
336 0.29271215413236695 7 15078 16141.5 20866.313235927602 1.070533227218464
337 0.29271215413236695 7 15216 15015.0 19410.07299429749 0.9867902208201893
338 0.29271215413236695 7 14996 15176.833333333334 19619.276911241246 1.012058771227883
339 0.29271215413236695 7 15131 14929.166666666666 19299.115201067794 0.9866609389112858
340 0.29271215413236695 7 15384 15149.166666666666 19583.511874976914 0.984735222742243
341 0.29271215413236695 7 15279 15426.333333333334 19941.80859369727 1.0096428649344416
342 0.29271215413236695 7 15159 15151.833333333334 19586.959107387935 0.999527233546628
343 0.29271215413236695 7 15176 15172.5 19613.675158573336 0.9997693726937269
344 0.29271215413236695 7 15154 15169.333333333334 19609.58157008525 1.0010118340592142
345 0.29271215413236695 7 15331 15180.333333333334 19623.801403780708 0.9901724175417999
346 0.29271215413236695 7 15085 15364.333333333334 19861.660440141066 1.018517290907082
347 0.29271215413236695 7 15128 15035.166666666666 19436.142689405824 0.9938634761149303
348 0.29271215413236695 7 15248 15102.833333333334 19523.61621183545 0.9904796257432669
349 0.29271215413236695 7 15635 15262.833333333334 19730.45015649663 0.9761965675301141
350 0.29271215413236695 7 16772 15711.5 20310.447009650685 0.9367696160267112
351 0.29271215413236695 7 16246 17041.666666666668 22029.96962667242 1.0489761582338217
352 0.29271215413236695 7 15791 16398.5 21198.54025953962 1.0384712811094927
353 0.29271215413236695 7 15873 15908.666666666666 20565.32675604045 1.0022470022470022
354 0.29271215413236695 7 15495 15997.166666666666 20679.731781681163 1.0324083037538991
355 0.29271215413236695 7 15704 15536.166666666666 20083.791478626143 0.9893127016471387
356 0.29271215413236695 7 15572 15715.5 20315.617858267215 1.009215258155664
357 0.29271215413236695 7 15513 15372.0 19871.571233322746 0.9909108489653838
358 0.29271215413236695 7 15880 15390.833333333334 19895.91731222557 0.9691960537363561
359 0.29271215413236695 7 16620 15894.833333333334 20547.444237908283 0.9563678299237867
360 0.29271215413236695 7 18970 16744.5 21645.818664869417 0.8826831839746969
361 0.29271215413236695 7 18644 19549.166666666668 25271.44535315933 1.048550025030394
362 0.29271215413236695 7 19316 19134.0 24734.75435716871 0.9905777593704701
363 0.29271215413236695 7 18974 19940.0 25776.680353399395 1.0509117740065352
364 0.29271215413236695 7 15236 19550.833333333332 25273.599873416217 1.283199877483154
365 0.29271215413236695 7 15405 15128.666666666666 19557.0112758172 0.9820621010494428
366 0.29271215413236695 7 15686 15202.5 19652.45652319731 0.9691763355858728
367 0.29271215413236695 7 16053 15138.666666666666 19569.938397358525 0.9430428372682157
368 0.29271215413236695 7 15656 15621.166666666666 20193.67201172739 0.9977750809061489
369 0.29271215413236695 7 15396 15046.0 19450.147071075593 0.977266822551312
370 0.29271215413236695 7 15407 14799.666666666666 19131.708977107653 0.9605806884316652
371 0.29271215413236695 7 15311 15435.5 19953.65845511015 1.0081314087910653
372 0.29271215413236695 7 15699 15295.333333333334 19772.46330150593 0.9742871095823513
373 0.29271215413236695 7 15414 15701.166666666666 20297.08898405798 1.0186302495566801
374 0.29271215413236695 7 15686 15307.5 19788.191299381208 0.9758702027285477
375 0.29271215413236695 7 15381 15691.0 20283.94641049097 1.0201547363630452
376 0.29271215413236695 7 15483 15378.5 19879.973862324605 0.9932506620164051
377 0.29271215413236695 7 15659 15495.666666666666 20031.43663638378 0.9895693637311875
378 0.29271215413236695 7 15655 15717.0 20317.55692649841 1.003960396039604
379 0.29271215413236695 7 15474 15647.666666666666 20227.9288838119 1.0112231269656629
380 0.29271215413236695 7 15320 15484.0 20016.35499458557 1.0107049608355092
381 0.29271215413236695 7 17432 15259.0 19725.49475990579 0.8753441945846718
382 0.29271215413236695 7 15404 17773.833333333332 22976.450375523 1.153845321561499
383 0.29271215413236695 7 15335 15390.833333333334 19895.91731222557 1.0036409085968916
384 0.29271215413236695 7 15818 15281.0 19753.9344272967 0.9660513339233784
385 0.29271215413236695 7 15566 15845.166666666666 20483.239534253044 1.017934386911645
386 0.29271215413236695 7 15518 15581.333333333334 20142.178977587788 1.0040812819521416
387 0.29271215413236695 7 14722 15551.0 20102.966708912438 1.056310283928814
388 0.29271215413236695 7 14814 14270.333333333334 18447.433343520253 0.963300481526484
389 0.29271215413236695 7 14426 14715.666666666666 19023.121156160534 1.0200794861130367
390 0.29271215413236695 7 14399 14274.5 18452.81964416247 0.9913535662198764
391 0.29271215413236695 7 14552 14162.5 18308.035882899647 0.9732339197361187
392 0.29271215413236695 7 14132 14383.0 18593.078912885834 1.0177611095386356
393 0.29271215413236695 7 14358 13901.0 17969.991654594032 0.9681710544644101
394 0.29271215413236695 7 14309 14297.333333333334 18482.33657168183 0.9991846623337294
395 0.29271215413236695 7 14522 14224.833333333334 18388.614940507232 0.9795367947481982
396 0.29271215413236695 7 14384 14538.0 18793.44929677635 1.010706340378198
397 0.29271215413236695 7 14608 14381.5 18591.139844654634 0.9844947973713034
398 0.29271215413236695 7 14618 14617.333333333334 18896.004461004188 0.9999543941259634
399 0.29271215413236695 7 14355 14699.0 19001.575953591662 1.0239637756879136
400 0.29271215413236695 7 14726 14354.5 18556.23661649306 0.974772511204672
401 0.29271215413236695 7 14459 14795.5 19126.322676465436 1.023272702123245
402 0.29271215413236695 7 14524 14448.5 18677.751558981505 0.9948017075185899
403 0.29271215413236695 7 14738 14547.333333333334 18805.51461021492 0.987062921246664
404 0.29271215413236695 7 14839 14759.666666666666 19080.00049094236 0.9946537277893838
405 0.29271215413236695 7 14672 14875.833333333334 19230.1705528474 1.013892675390767
406 0.29271215413236695 7 14602 14724.833333333334 19034.971017573414 1.008412089668082
407 0.29271215413236695 7 14788 14581.333333333334 18849.46682345542 0.9860247047155352
408 0.29271215413236695 7 14549 14842.833333333334 19187.511051761034 1.020196118862694
409 0.29271215413236695 7 14639 14553.166666666666 18813.055431114026 0.9941366668943689
410 0.29271215413236695 7 14587 14622.5 18902.683473800535 1.002433673819154
411 0.29271215413236695 7 14627 14545.0 18802.498281855278 0.9943939290353456
412 0.29271215413236695 7 15150 14619.5 18898.805337338137 0.964983498349835
413 0.29271215413236695 7 14896 15241.333333333334 19702.656845182784 1.0231829573934839
414 0.29271215413236695 7 15211 14914.0 19279.50906673012 0.9804746564985866
415 0.29271215413236695 7 14848 15321.333333333334 19806.073817513374 1.031878591954023
416 0.29271215413236695 7 14707 14882.833333333334 19239.21953792633 1.0119557580290566
417 0.29271215413236695 7 14754 14727.0 19037.771893907367 0.9981699877999186
418 0.29271215413236695 7 15280 14775.166666666666 19100.03752933141 0.9669611692844676
419 0.29271215413236695 7 15541 15301.666666666666 19780.6504784821 0.9845998755978809
420 0.29271215413236695 7 15153 15648.5 20229.006143940343 1.0326997954200487
421 0.29271215413236695 7 14961 15143.333333333334 19575.97105407781 1.0121872423857585
422 0.29271215413236695 7 15684 14979.833333333334 19364.61261687717 0.9551028649154127
423 0.29271215413236695 7 15078 15846.833333333334 20485.394054509932 1.05099040544723
424 0.29271215413236695 7 15160 15132.0 19561.320316330977 0.9981530343007916
425 0.29271215413236695 7 15356 15140.0 19571.662013564037 0.9859338369367022
426 0.29271215413236695 7 15444 15325.166666666666 19811.029214104212 0.9923055339722006
427 0.29271215413236695 7 15078 15492.5 20027.343047895694 1.0274903833399656
428 0.29271215413236695 7 15395 15097.5 19516.72174701341 0.9806755440077948
429 0.29271215413236695 7 15307 15346.833333333334 19839.037977443746 1.0026022952461837
430 0.29271215413236695 7 14968 15345.166666666666 19836.883457186857 1.0251982006057367
431 0.29271215413236695 7 16816 14936.0 19307.948734121033 0.8882017126546147
432 0.29271215413236695 7 15317 17059.333333333332 22052.807541395425 1.113751604970512
433 0.29271215413236695 7 15502 15295.833333333334 19773.109657582998 0.9867006407775342
434 0.29271215413236695 7 15532 15572.666666666666 20130.975472251972 1.0026182504936045
435 0.29271215413236695 7 14967 15554.833333333334 20107.92210550328 1.03927529453687
436 0.29271215413236695 7 14975 14910.333333333334 19274.76912216497 0.9956816917084029
437 0.29271215413236695 7 14905 14976.166666666666 19359.872672312016 1.0047746841104774
438 0.29271215413236695 7 15667 14586.5 18856.14583625177 0.9310333822684623
439 0.29271215413236695 7 15371 15725.333333333334 20328.329527782847 1.0230520677466224
440 0.29271215413236695 7 15333 15349.166666666666 19842.054305803387 1.0010543707471902
441 0.29271215413236695 7 15801 15299.833333333334 19778.280506199528 0.9682825981477966
442 0.29271215413236695 7 22296 15940.0 20605.831736869928 0.7149264442052387
443 0.29271215413236695 7 22620 23516.166666666668 30399.63446860243 1.0396183318597112
444 0.29271215413236695 7 22678 23905.833333333332 30903.361304662674 1.054142046623747
445 0.29271215413236695 7 21466 23846.5 30826.66038351749 1.1108963011273643
446 0.29271215413236695 7 21152 22481.833333333332 29062.539197178183 1.062870335350479
447 0.29271215413236695 7 15606 22121.833333333332 28597.16282169053 1.417521038916656
448 0.29271215413236695 7 15987 15573.5 20132.052732380416 0.9741352348783386
449 0.29271215413236695 7 15161 14935.5 19307.302378043965 0.9851263109293582
450 0.29271215413236695 7 15154 13917.833333333334 17991.752309188596 0.9184263780739959
451 0.29271215413236695 7 16204 13900.0 17968.6989424399 0.8578128857072328
452 0.29271215413236695 7 15399 15327.0 19813.39918638679 0.9953243717124488
453 0.29271215413236695 7 14885 14440.166666666666 18666.978957697065 0.9701153286306125
454 0.29271215413236695 7 15156 14764.833333333334 19086.67950373871 0.9741906395706871
455 0.29271215413236695 7 14834 15017.5 19413.30477468282 1.012370230551436
456 0.29271215413236695 7 14876 14779.5 19105.639281999316 0.9935130411400914
457 0.29271215413236695 7 15932 14829.666666666666 19170.490341731624 0.9308101096326052
458 0.29271215413236695 7 14741 15886.666666666666 20536.887088649535 1.0777197385975623
459 0.29271215413236695 7 14592 14631.333333333334 18914.10243116204 1.0026955409356726
460 0.29271215413236695 7 15576 14543.166666666666 18800.1283095727 0.9336907207669919
461 0.29271215413236695 7 15005 15646.0 20225.774363555014 1.042719093635455
462 0.29271215413236695 7 14814 15033.5 19433.98816914894 1.0148170649385717
463 0.29271215413236695 7 15134 14803.666666666666 19136.879825724183 0.9781727677194837
464 0.29271215413236695 7 14763 15001.0 19391.975024139636 1.0161213845424373
465 0.29271215413236695 7 14918 14766.666666666666 19089.049476021286 0.9898556553604146
466 0.29271215413236695 7 15131 14972.333333333334 19354.917275721175 0.9895138016874849
467 0.29271215413236695 7 15018 15056.833333333334 19464.151452745362 1.002585785945754
468 0.29271215413236695 7 15221 15020.166666666666 19416.75200709384 0.9868055099314543
469 0.29271215413236695 7 13624 15288.833333333334 19764.06067250407 1.1221985711489528
470 0.29271215413236695 7 13601 13372.333333333334 17286.57782910939 0.9831875107222509
471 0.29271215413236695 7 14889 13407.333333333334 17331.82275450402 0.9004858172700204
472 0.29271215413236695 7 15170 14884.166666666666 19240.943154131837 0.9811579872555481
473 0.29271215413236695 7 15145 15176.5 19618.846007189866 1.0020798943545726
474 0.29271215413236695 7 14865 15166.166666666666 19605.487981597165 1.0202601188474043
475 0.29271215413236695 7 14703 14805.666666666666 19139.46525003245 1.006982701942914
476 0.29271215413236695 7 14994 14882.833333333334 19239.21953792633 0.9925859232581922
477 0.29271215413236695 7 14952 15226.166666666666 19683.050710845106 1.01833645443196
478 0.29271215413236695 7 14926 14962.5 19342.20560620554 1.0024453972933136
479 0.29271215413236695 7 15241 14885.333333333334 19242.45131831166 0.9766638234586532
480 0.29271215413236695 7 15119 15257.0 19722.909335597524 1.0091275878034263
481 0.29271215413236695 7 15047 15161.333333333334 19599.239872852195 1.0075984138587981
482 0.29271215413236695 7 15261 15104.333333333334 19525.55528006665 0.9897341808094708
483 0.29271215413236695 7 15038 15305.5 19785.605875072943 1.0177882697167175
484 0.29271215413236695 7 15060 15052.333333333334 19458.334248051764 0.9994909251881364
485 0.29271215413236695 7 15168 15082.333333333334 19497.115612675738 0.9943521448663855
486 0.29271215413236695 7 15452 15155.833333333334 19592.129956004464 0.9808331176115282
487 0.29271215413236695 7 15506 15507.5 20046.73373020768 1.0000967367470657
488 0.29271215413236695 7 15384 15582.5 20143.68714176761 1.012903016120645
489 0.29271215413236695 7 15452 15404.5 19913.584378332045 0.9969259642764691
490 0.29271215413236695 7 15295 15521.0 20064.185344288468 1.014776070611311
491 0.29271215413236695 7 14997 15334.166666666666 19822.663623491404 1.0224822742326243
492 0.29271215413236695 7 14886 14968.5 19349.961879130336 1.0055421201128578
493 0.29271215413236695 7 15092 14791.666666666666 19121.367279874594 0.9800998321406484
494 0.29271215413236695 7 15172 15023.0 19420.41469153055 0.9901792776166622
495 0.29271215413236695 7 15169 15136.666666666666 19567.35297305026 0.9978684597973938
496 0.29271215413236695 7 15064 15121.833333333334 19548.177742763964 1.0038391750752347
497 0.29271215413236695 7 15063 15025.5 19423.64647191588 0.9975104560844453
498 0.29271215413236695 7 14907 15074.0 19486.3430113913 1.011202790635272
499 0.29271215413236695 7 15018 14910.5 19274.984574190657 0.9928419230257025
500 0.29271215413236695 7 14926 15005.666666666666 19398.007680858922 1.005337442494082
501 0.29271215413236695 7 15203 14885.0 19242.02041426028 0.9790830757087416
502 0.29271215413236695 7 15425 15208.666666666666 19660.42824814779 0.9859751485683415
503 0.29271215413236695 7 14639 15485.166666666666 20017.86315876539 1.0578022178199786
504 0.29271215413236695 7 14630 14568.333333333334 18832.6615654517 0.9957849168375484
505 0.29271215413236695 7 14697 14583.833333333334 18852.698603840752 0.9923000158762559
506 0.29271215413236695 7 14774 14643.5 18929.830429037316 0.9911669148504129
507 0.29271215413236695 7 15039 14748.666666666666 19065.7806572469 0.9806946383846443
508 0.29271215413236695 7 14663 15011.666666666666 19405.763953783713 1.0237786719407125
509 0.29271215413236695 7 15212 14536.0 18790.863872468086 0.9555613988956088
510 0.29271215413236695 7 15085 15307.5 19788.191299381208 1.014749751408684
511 0.29271215413236695 7 14909 15160.833333333334 19598.593516775127 1.0168913631587184
512 0.29271215413236695 7 14825 14944.333333333334 19318.72133540547 1.0080494659921304
513 0.29271215413236695 7 15176 14833.5 19175.445738322465 0.9774314707432789
514 0.29271215413236695 7 14968 15198.833333333334 19647.716578632157 1.0154217887047925
515 0.29271215413236695 7 14742 15018.833333333334 19415.028390888332 1.0187785465563244
516 0.29271215413236695 7 15051 14663.666666666666 18955.90012414565 0.974265275839922
517 0.29271215413236695 7 15175 15045.333333333334 19449.28526297284 0.9914552443712247
518 0.29271215413236695 7 15162 15219.333333333334 19674.21717779187 1.0037813832827684
519 0.29271215413236695 7 15255 15218.166666666666 19672.70901361205 0.9975854910958155
520 0.29271215413236695 7 15204 15268.166666666666 19737.344621318665 1.0042203806015961
521 0.29271215413236695 7 15434 15243.333333333334 19705.24226949105 0.987646321973133
522 0.29271215413236695 7 15387 15549.333333333334 20100.812188655553 1.0105500314117979
523 0.29271215413236695 7 15769 15443.0 19963.353796266143 0.9793265267296595
524 0.29271215413236695 7 15773 15868.0 20512.7564617724 1.006022950611805
525 0.29271215413236695 7 15881 15874.833333333334 20521.589994825637 0.9996116953172555
526 0.29271215413236695 7 15746 15985.333333333334 20664.434687857265 1.0151996274186037
527 0.29271215413236695 7 15606 15836.333333333334 20471.82057689154 1.0147592806185655
528 0.29271215413236695 7 15604 15634.666666666666 20211.12362580818 1.0019653080406732
529 0.29271215413236695 7 15997 15640.166666666666 20218.233542655908 0.9776937342418369
530 0.29271215413236695 7 15792 16035.0 20728.639391512505 1.015387537993921
531 0.29271215413236695 7 16252 15795.166666666666 20418.603926546424 0.9718906391008286
532 0.29271215413236695 7 16525 16313.833333333334 21089.090630489747 0.9872213817448311
533 0.29271215413236695 7 16686 16654.833333333332 21529.905475048883 0.9981321666866434
534 0.29271215413236695 7 16648 16866.0 21802.883191596502 1.013094666025949
535 0.29271215413236695 7 17034 16822.0 21746.003856814677 0.9875543031583891
536 0.29271215413236695 7 16480 17206.833333333332 22243.482584129946 1.0441039644012944
537 0.29271215413236695 7 16957 16594.666666666668 21452.127293775255 0.9786322266124119
538 0.29271215413236695 7 16550 17074.5 22072.4136757331 1.0316918429003021
539 0.29271215413236695 7 16788 16554.166666666668 21399.772451532892 0.9860714002064968
540 0.29271215413236695 7 16775 16805.0 21724.027750194426 1.0017883755588675
541 0.29271215413236695 7 17077 16796.166666666668 21712.608792832925 0.983554878881927
542 0.29271215413236695 7 17182 17084.166666666668 22084.909893223048 0.9943060567260312
543 0.29271215413236695 7 16876 17299.0 22362.627554335817 1.0250651813225884
544 0.29271215413236695 7 16482 16862.5 21798.358699057037 1.0230857905593982
545 0.29271215413236695 7 16827 16470.666666666668 21291.83098666284 0.9788237158534895
546 0.29271215413236695 7 16294 16833.5 21760.8700465872 1.033110347367129
547 0.29271215413236695 7 16605 16213.833333333334 20959.81941507651 0.9764428385024592
548 0.29271215413236695 7 17034 16526.333333333332 21363.79196324287 0.9701968611796015
549 0.29271215413236695 7 17270 17009.333333333332 21988.171933688805 0.9849063887280447
550 0.29271215413236695 7 16923 17335.666666666668 22410.026999987338 1.0243849593255727
551 0.29271215413236695 7 17288 16996.5 21971.582127710775 0.9831385932438685
552 0.29271215413236695 7 17215 17364.833333333332 22447.73110448286 1.0087036499177073
553 0.29271215413236695 7 18508 17368.5 22452.471049048014 0.9384320293926951
554 0.29271215413236695 7 21196 18825.166666666668 24335.521753567496 0.8881471346794994
555 0.29271215413236695 7 20989 21889.666666666668 28297.038149906137 1.0429113662712215
556 0.29271215413236695 7 20876 21608.833333333332 27934.001486620626 1.0351041067892954
557 0.29271215413236695 7 21240 21534.833333333332 27838.34078721483 1.013881042059008
558 0.29271215413236695 7 21089 21898.666666666668 28308.67255929333 1.0383928430303317
559 0.29271215413236695 7 20568 21734.666666666668 28096.66776601562 1.0567224166990796
560 0.29271215413236695 7 20779 20911.333333333332 27032.334759113302 1.0063686093331408
561 0.29271215413236695 7 20221 20709.5 26771.422356004252 1.0241580535087285
562 0.29271215413236695 7 17787 20093.0 25974.46531298165 1.1296452465283635
563 0.29271215413236695 7 17133 17272.166666666668 22327.939778199932 1.0081227261230763
564 0.29271215413236695 7 17246 16448.5 21263.17586724624 0.953757393018671
565 0.29271215413236695 7 17354 16605.5 21466.13167544502 0.9568687334332142
566 0.29271215413236695 7 17282 16818.333333333332 21741.263912249524 0.9731705435327701
567 0.29271215413236695 7 17265 16699.166666666668 21587.215713882088 0.9672265662708757
568 0.29271215413236695 7 17138 16772.333333333332 21681.799153159434 0.9786633990741821
569 0.29271215413236695 7 17039 17029.833333333332 22014.67253284852 0.9994620185065634
570 0.29271215413236695 7 17186 17023.333333333332 22006.26990384666 0.9905349315334186
571 0.29271215413236695 7 17296 17176.0 22203.623959377535 0.9930619796484736
572 0.29271215413236695 7 17230 17286.333333333332 22346.25320038347 1.0032694911975237
573 0.29271215413236695 7 17150 17221.333333333332 22262.22691036487 1.004159378036929
574 0.29271215413236695 7 17255 17130.833333333332 22145.236460415887 0.9928040181589877
575 0.29271215413236695 7 17269 17274.5 22330.956106559574 1.0003184897793735
576 0.29271215413236695 7 17552 17307.333333333332 22373.40015562025 0.9860604679428744
577 0.29271215413236695 7 17604 17613.0 22768.53917073338 1.0005112474437627
578 0.29271215413236695 7 17577 17655.333333333332 22823.263985258316 1.0044565815175133
579 0.29271215413236695 7 17436 17634.833333333332 22796.763386098602 1.011403609390533
580 0.29271215413236695 7 17329 17483.666666666668 22601.348398798928 1.0089253082501395
581 0.29271215413236695 7 17229 17341.333333333332 22417.352368860753 1.0065200147038906
582 0.29271215413236695 7 17444 17222.333333333332 22263.519622519 0.9872926698769394
583 0.29271215413236695 7 17165 17426.0 22526.801997910625 1.0152053597436643
584 0.29271215413236695 7 17411 17091.833333333332 22094.820686404724 0.9816686768900885
585 0.29271215413236695 7 17540 17383.333333333332 22471.64627933431 0.9910680349676928
586 0.29271215413236695 7 17681 17557.333333333332 22696.578194153342 0.9930056746413287
587 0.29271215413236695 7 17187 17739.666666666668 22932.282710256815 1.0321560869649542
588 0.29271215413236695 7 17258 17180.0 22208.794807994065 0.9954803569359137
589 0.29271215413236695 7 17483 17227.0 22269.552279238287 0.9853572041411657
590 0.29271215413236695 7 17157 17536.0 22669.000334865188 1.0220901089934138
591 0.29271215413236695 7 17461 17114.666666666668 22124.337613924086 0.9801653208101866
592 0.29271215413236695 7 17574 17447.833333333332 22555.026213275847 0.9928208338075186
593 0.29271215413236695 7 17447 17556.166666666668 22695.070029973525 1.0062570451462525
594 0.29271215413236695 7 17080 17490.333333333332 22609.966479826475 1.024024199843872
595 0.29271215413236695 7 17007 17050.333333333332 22041.173132008233 1.0025479704435427
596 0.29271215413236695 7 17477 16927.666666666668 21882.60044110133 0.9685682134615019
597 0.29271215413236695 7 17332 17530.333333333332 22661.67496599177 1.0114431879375336
598 0.29271215413236695 7 17325 17310.5 22377.49374410834 0.9991630591630591
599 0.29271215413236695 7 17514 17283.5 22342.590515946766 0.9868391001484527
600 0.29271215413236695 7 17478 17525.166666666668 22654.995953195423 1.0026986306594958
601 0.29271215413236695 7 17659 17544.333333333332 22679.77293614962 0.9935066160786756
602 0.29271215413236695 7 17371 17767.666666666668 22968.47865057252 1.0228349931878802
603 0.29271215413236695 7 17790 17353.333333333332 22432.86491471034 0.975454375117107
604 0.29271215413236695 7 17558 17866.333333333332 23096.026249780243 1.0175608459581575
605 0.29271215413236695 7 17789 17596.833333333332 22747.640324241573 0.9891974441134034
606 0.29271215413236695 7 17798 17834.833333333332 23055.305816925073 1.0020695209199535
607 0.29271215413236695 7 17896 17851.333333333332 23076.63556746826 0.9975040977499626
608 0.29271215413236695 7 18204 17935.5 23185.438840441067 0.9852504943968359
609 0.29271215413236695 7 17723 18342.833333333332 23712.00359122432 1.034973386747917
610 0.29271215413236695 7 18194 17711.833333333332 22896.302221966795 0.9734985892785166
611 0.29271215413236695 7 18059 18300.0 23656.632420622314 1.0133451464643668
612 0.29271215413236695 7 17844 18104.0 23403.26083841237 1.014570724052903
613 0.29271215413236695 7 17586 17851.666666666668 23077.06647151964 1.0151067136737557
614 0.29271215413236695 7 17720 17534.333333333332 22666.8458146083 0.9895221971407072
615 0.29271215413236695 7 18056 17639.333333333332 22802.580590792197 0.9769236449564318
616 0.29271215413236695 7 17679 18111.5 23412.956179568366 1.0244640533966853
617 0.29271215413236695 7 17388 17593.166666666668 22742.900379676423 1.0117993252051223
618 0.29271215413236695 7 17390 17276.166666666668 22333.110626816462 0.9934540923902627
619 0.29271215413236695 7 17689 17314.333333333332 22382.449140699176 0.9788192285224339
620 0.29271215413236695 7 16941 17706.166666666668 22888.97685309338 1.0451665584479468
621 0.29271215413236695 7 16373 16811.166666666668 21731.999475144912 1.0267615383049329
622 0.29271215413236695 7 16420 16092.5 20802.970340375115 0.9800548112058465
623 0.29271215413236695 7 16789 16210.166666666666 20955.079470511355 0.9655230607342109
624 0.29271215413236695 7 16977 16689.166666666668 21574.288592340763 0.9830456892658695
625 0.29271215413236695 7 16948 16908.166666666668 21857.39255409575 0.9976496735111322
626 0.29271215413236695 7 16870 16824.5 21749.235637200007 0.9973029045643154
627 0.29271215413236695 7 16820 16858.166666666668 21792.756946389134 1.0022691240586603
628 0.29271215413236695 7 17129 16894.5 21839.725487989275 0.9863097670617083
629 0.29271215413236695 7 16802 17247.166666666668 22295.621974346624 1.026494861722811
630 0.29271215413236695 7 16403 16804.166666666668 21722.950490065985 1.0244569082891342
631 0.29271215413236695 7 16386 16307.333333333334 21080.688001487888 0.9951991537491355
632 0.29271215413236695 7 16313 16292.333333333334 21061.2973191759 0.9987331167371626
633 0.29271215413236695 7 16585 16220.166666666666 20968.00659205268 0.978002210833082
634 0.29271215413236695 7 16084 16545.833333333332 21388.999850248452 1.0287138356959296
635 0.29271215413236695 7 16468 15909.833333333334 20566.83492022027 0.9661059833211886
636 0.29271215413236695 7 16783 16412.333333333332 21216.42277767178 0.9779141591690003
637 0.29271215413236695 7 16442 16846.333333333332 21777.45985256523 1.0245914933300895
638 0.29271215413236695 7 16800 16451.333333333332 21266.838551682944 0.9792460317460316
639 0.29271215413236695 7 16625 16881.166666666668 21822.489325934177 1.0154085213032582
640 0.29271215413236695 7 16526 16631.666666666668 21499.957643478152 1.0063939650651499
641 0.29271215413236695 7 16622 16599.666666666668 21458.590854545917 0.9986563991497214
642 0.29271215413236695 7 16758 16647.666666666668 21520.641037944268 0.9934160798822453
643 0.29271215413236695 7 16724 16753.833333333332 21657.883978307986 1.001783863509527
644 0.29271215413236695 7 16670 16771.0 21680.075536953926 1.0060587882423515
645 0.29271215413236695 7 17127 16648.333333333332 21521.50284604702 0.9720519258091511
646 0.29271215413236695 7 16252 17210.666666666668 22248.43798072079 1.0589876117811141
647 0.29271215413236695 7 16065 16206.333333333334 20950.124073920517 1.0087975931113187
648 0.29271215413236695 7 16564 15972.166666666666 20647.41397782785 0.9642699026000161
649 0.29271215413236695 7 16575 16531.666666666668 21370.686428064913 0.9973856209150328
650 0.29271215413236695 7 16825 16550.166666666668 21394.601602916362 0.9836651807825657
651 0.29271215413236695 7 16592 16850.833333333332 21783.277057258827 1.015599887495982
652 0.29271215413236695 7 16666 16502.833333333332 21333.41322762076 0.9902096083843352
653 0.29271215413236695 7 16869 16735.0 21633.53789940516 0.9920564348805502
654 0.29271215413236695 7 16878 17003.0 21979.984756712634 1.0074060907690485
655 0.29271215413236695 7 16425 16930.333333333332 21886.04767351235 1.0307661085743276
656 0.29271215413236695 7 17183 16400.0 21200.47932777082 0.9544317057556888
657 0.29271215413236695 7 17231 17242.666666666668 22289.804769653027 1.0006770742653746
658 0.29271215413236695 7 17154 17337.5 22412.39697226991 1.010697213477906
659 0.29271215413236695 7 16644 17235.333333333332 22280.32488052272 1.0355283185131778
660 0.29271215413236695 7 16979 16606.5 21467.424387599152 0.978061134342423
661 0.29271215413236695 7 16717 16995.833333333332 21970.72031960802 1.0166796275248748
662 0.29271215413236695 7 16370 16765.666666666668 21673.181072131887 1.0241702300957036
663 0.29271215413236695 7 16441 16234.5 20986.53546626191 0.987439936743507
664 0.29271215413236695 7 16901 16309.333333333334 21083.27342579615 0.9649922095339527
665 0.29271215413236695 7 17075 16858.833333333332 21793.618754491883 0.9873401659346022
666 0.29271215413236695 7 16640 17146.833333333332 22165.919854882006 1.030458733974359
667 0.29271215413236695 7 16062 16583.5 21437.692008054106 1.0324679367451126
668 0.29271215413236695 7 16324 15952.833333333334 20622.421542847962 0.977262517356857
669 0.29271215413236695 7 15794 16316.333333333334 21092.322410875076 1.0330716305770125
670 0.29271215413236695 7 16451 15686.166666666666 20277.698301745997 0.953508398678905
671 0.29271215413236695 7 16365 16376.0 21169.45423607164 1.0006721662083715
672 0.29271215413236695 7 15349 16246.666666666666 21002.263464137188 1.058483723152431
673 0.29271215413236695 7 15682 15133.833333333334 19563.690288613554 0.9650448497215491
674 0.29271215413236695 7 15458 15618.666666666666 20190.44023134206 1.0103937551214042
675 0.29271215413236695 7 17864 15313.666666666666 19796.16302433169 0.8572361546499477
676 0.29271215413236695 7 16108 18209.0 23538.99561459627 1.1304320834368016
677 0.29271215413236695 7 15550 16050.833333333334 20749.107333952936 1.0322079314040729
678 0.29271215413236695 7 15866 15414.166666666666 19926.080595821993 0.9715219126854069
679 0.29271215413236695 7 15464 15952.166666666666 20621.559734745206 1.0315679427487499
680 0.29271215413236695 7 15033 15427.666666666666 19943.53220990278 1.0262533537328986
681 0.29271215413236695 7 15732 14962.166666666666 19341.77470215416 0.9510657682854479
682 0.29271215413236695 7 15292 15376.666666666666 19877.603890042028 1.0055366640509198
683 0.29271215413236695 7 15574 15156.0 19592.345408030153 0.9731603955310132
684 0.29271215413236695 7 15535 15578.0 20137.869937074014 1.0027679433537173
685 0.29271215413236695 7 15500 15479.833333333334 20010.968693943352 0.9986989247311828
686 0.29271215413236695 7 15442 15506.0 20044.79466197648 1.0041445408625826
687 0.29271215413236695 7 15436 15510.166666666666 20050.1809626187 1.0048047853502635
688 0.29271215413236695 7 15656 15386.666666666666 19890.531011583353 0.9827967978197921
689 0.29271215413236695 7 15627 15716.666666666666 20317.12602244703 1.0057379322113436
690 0.29271215413236695 7 14962 15635.833333333334 20212.631789988 1.0450363142182417
691 0.29271215413236695 7 15525 14866.5 19218.105239408833 0.9575845410628019
692 0.29271215413236695 7 15439 15529.166666666666 20074.742493547215 1.0058401882678065
693 0.29271215413236695 7 15583 15438.5 19957.53659157255 0.9907270743759224
694 0.29271215413236695 7 15736 15607.5 20176.004945620916 0.991834011184545
695 0.29271215413236695 7 15729 15749.333333333334 20359.354619482026 1.001292728929578
696 0.29271215413236695 7 16388 15746.0 20355.04557896825 0.9608249938979742
697 0.29271215413236695 7 16119 16625.666666666668 21492.201370553357 1.031432884587547
698 0.29271215413236695 7 15701 16218.0 20965.205715718726 1.0329278389911472
699 0.29271215413236695 7 16690 15744.666666666666 20353.32196276274 0.943359296984222
700 0.29271215413236695 7 15832 16874.5 21813.871244906626 1.0658476503284486
701 0.29271215413236695 7 15633 15848.0 20486.902218689753 1.0137529584852556
702 0.29271215413236695 7 15477 15617.0 20188.285711085176 1.0090456806874717
703 0.29271215413236695 7 15870 15325.166666666666 19811.029214104212 0.96566897710565
704 0.29271215413236695 7 15332 15828.5 20461.69433168417 1.0323832507174537
705 0.29271215413236695 7 15032 15270.5 19740.36094967831 1.0158661522086216
706 0.29271215413236695 7 15053 14755.666666666666 19074.82964232583 0.9802475696981775
707 0.29271215413236695 7 15187 14923.166666666666 19291.358928143 0.9826276859594828
708 0.29271215413236695 7 15090 15112.666666666666 19536.327881351084 1.0015020985199912
709 0.29271215413236695 7 15122 15025.5 19423.64647191588 0.9936185689723581
710 0.29271215413236695 7 15146 14997.333333333334 19387.235079574486 0.9901844271314759
711 0.29271215413236695 7 15256 15115.0 19539.344209710725 0.9907577346617724
712 0.29271215413236695 7 15001 15293.333333333334 19769.877877197665 1.0194875897162412
713 0.29271215413236695 7 15260 14992.333333333334 19380.771518803824 0.9824595893403233
714 0.29271215413236695 7 15071 15272.166666666666 19742.515469935195 1.013347930904828
715 0.29271215413236695 7 14819 15067.833333333334 19478.37128644082 1.0167915063994422
716 0.29271215413236695 7 14863 14768.5 19091.419448303863 0.9936419296238983
717 0.29271215413236695 7 14682 14815.833333333334 19152.60782359946 1.0091154701902556
718 0.29271215413236695 7 14795 14586.333333333334 18855.93038422608 0.9858961360820098
719 0.29271215413236695 7 15158 14760.666666666666 19081.29320309649 0.9737872190702379
720 0.29271215413236695 7 14726 15141.0 19572.95472571817 1.0281814477794378
721 0.29271215413236695 7 14791 14668.5 18962.148232890624 0.9917179365830573
722 0.29271215413236695 7 14984 14786.333333333334 19114.472815052555 0.9868081509165332
723 0.29271215413236695 7 15003 15004.166666666666 19396.06861262772 1.0000777622253327
724 0.29271215413236695 7 14727 15056.5 19463.720548693982 1.0223738711210701
725 0.29271215413236695 7 15089 14715.666666666666 19023.121156160534 0.9752579141537985
726 0.29271215413236695 7 15189 15077.5 19490.867503930764 0.9926591612351043
727 0.29271215413236695 7 15508 15266.166666666666 19734.7591970104 0.9844058980311237
728 0.29271215413236695 7 15109 15627.5 20201.859188703565 1.034317294327884
729 0.29271215413236695 7 15067 15129.833333333334 19558.519439997024 1.0041702617198736
730 0.29271215413236695 7 14560 15077.666666666666 19491.08295595645 1.0355540293040293
731 0.29271215413236695 7 14748 14532.166666666666 18785.908475877244 0.9853652472651658
732 0.29271215413236695 7 14638 14691.166666666666 18991.44970838429 1.0036320991027918
733 0.29271215413236695 7 14559 14546.166666666666 18804.0064460351 0.999118529203013
734 0.29271215413236695 7 14945 14400.833333333334 18616.13227963453 0.9635887141741943
735 0.29271215413236695 7 18278 14917.666666666666 19284.249011295273 0.816154210891053
736 0.29271215413236695 7 21121 18813.166666666668 24320.00920771791 0.8907327620220002
737 0.29271215413236695 7 20943 22214.5 28716.954147973465 1.060712409874421
738 0.29271215413236695 7 17300 21975.5 28407.99594313583 1.2702601156069364
739 0.29271215413236695 7 15222 17743.666666666668 22937.45355887334 1.1656593526912802
740 0.29271215413236695 7 15475 15332.5 19820.509103234515 0.9907915993537965
741 0.29271215413236695 7 19202 15563.333333333334 20118.910158813404 0.8105058500850606
742 0.29271215413236695 7 20574 19356.0 25021.736455386093 0.9407990667833187
743 0.29271215413236695 7 20592 20482.833333333332 26478.40760106758 0.9946985884485884
744 0.29271215413236695 7 16226 20533.5 26543.905016876957 1.2654690003697768
745 0.29271215413236695 7 14813 16047.0 20744.151937362094 1.0833052048875986
746 0.29271215413236695 7 15021 14744.833333333334 19060.825260656064 0.9816146284091162
747 0.29271215413236695 7 15396 14945.333333333334 19320.0140475596 0.9707283277041656
748 0.29271215413236695 7 15239 14761.666666666666 19082.585915250624 0.9686768598114487
749 0.29271215413236695 7 15419 14349.833333333334 18550.20395977378 0.9306591434809867
750 0.29271215413236695 7 15064 14556.833333333334 18817.79537567918 0.966332536732165
751 0.29271215413236695 7 15558 14870.333333333334 19223.060635999675 0.9557998028881176
752 0.29271215413236695 7 15719 15682.166666666666 20272.527453129467 0.9976567635769875
753 0.29271215413236695 7 15691 15835.333333333334 20470.52786473741 1.0091984789582138
754 0.29271215413236695 7 15946 15740.166666666666 20347.504758069143 0.9870918516660395
755 0.29271215413236695 7 15704 16063.833333333334 20765.912591956654 1.0229134827644761
756 0.29271215413236695 7 15863 15751.5 20362.15549581598 0.9929710647418521
757 0.29271215413236695 7 15710 15996.166666666666 20678.43906952703 1.018215573944409
758 0.29271215413236695 7 15595 15735.333333333334 20341.256649324172 1.0089986106658118
759 0.29271215413236695 7 16696 15574.333333333334 20133.12999250886 0.9328182398977799
760 0.29271215413236695 7 16536 16863.5 21799.65141121117 1.0198052733430092
761 0.29271215413236695 7 15765 16634.333333333332 21503.40487588917 1.0551432498149909
762 0.29271215413236695 7 15794 15775.166666666666 20392.749683463775 0.9988075640538601
763 0.29271215413236695 7 15730 15782.5 20402.229572594082 1.0033375715193897
764 0.29271215413236695 7 15295 15733.333333333334 20338.671225015907 1.0286586030293126
765 0.29271215413236695 7 15544 15245.0 19707.396789747934 0.9807642820380854
766 0.29271215413236695 7 15646 15352.0 19845.716990240096 0.9812092547616004
767 0.29271215413236695 7 16103 15497.666666666666 20034.022060692045 0.9624086609120454
768 0.29271215413236695 7 15580 16159.333333333334 20889.366602676295 1.0371844244758237
769 0.29271215413236695 7 15209 15544.333333333334 20094.34862788489 1.0220483485655423
770 0.29271215413236695 7 15450 15122.166666666666 19548.60864681534 0.9787810140237324
771 0.29271215413236695 7 15542 15475.833333333334 20005.797845326822 0.9957427186548278
772 0.29271215413236695 7 15238 15541.666666666666 20090.90139547387 1.0199282495515596
773 0.29271215413236695 7 15237 15170.0 19610.443378188007 0.9956028089518935
774 0.29271215413236695 7 15580 15092.666666666666 19510.473638268435 0.9687205819426615
775 0.29271215413236695 7 15119 15580.0 20140.455361382275 1.0304914346186917
776 0.29271215413236695 7 15505 15104.0 19525.124376015272 0.9741373750403096
777 0.29271215413236695 7 15465 15514.166666666666 20055.35181123523 1.0031792218989115
778 0.29271215413236695 7 15246 15452.166666666666 19975.203657679023 1.0135226726135818
779 0.29271215413236695 7 14905 15247.333333333334 19710.413118107575 1.0229676842222968
780 0.29271215413236695 7 15169 14849.666666666666 19196.344584814273 0.9789482936691059
781 0.29271215413236695 7 15190 15100.5 19520.599883475807 0.9941079657669519
782 0.29271215413236695 7 15018 15201.833333333334 19651.594715094554 1.0122408665157367
783 0.29271215413236695 7 15391 14936.833333333334 19309.025994249478 0.9704914127303836
784 0.29271215413236695 7 15351 15378.666666666666 19880.189314350293 1.0018022712961152
785 0.29271215413236695 7 14891 15368.5 19867.04674078328 1.0320663488012893
786 0.29271215413236695 7 14727 14888.666666666666 19246.760358825435 1.0109775695434688
787 0.29271215413236695 7 14649 14653.333333333334 18942.542098552953 1.000295810863085
788 0.29271215413236695 7 14262 14558.833333333334 18820.380799987444 1.0208128827186462
789 0.29271215413236695 7 14606 14136.0 18273.77901081514 0.9678214432425031
790 0.29271215413236695 7 14473 14475.166666666666 18712.2238830917 1.0001497040466154
791 0.29271215413236695 7 14243 14326.666666666666 18520.256128203044 1.0058742306162092
792 0.29271215413236695 7 14264 14135.0 18272.486298661006 0.9909562535053281
793 0.29271215413236695 7 14078 14186.833333333334 18339.491878650202 1.0077307382677465
794 0.29271215413236695 7 13875 13982.833333333334 18075.7785992072 1.0077717717717718
795 0.29271215413236695 7 13945 13810.5 17853.001204645054 0.9903549659376121
796 0.29271215413236695 7 14059 13834.833333333334 17884.45720039561 0.9840552907983025
797 0.29271215413236695 7 14102 13990.0 18085.043036311814 0.9920578641327471
798 0.29271215413236695 7 14593 14078.5 18199.448061952527 0.9647433701089564
799 0.29271215413236695 7 14778 14647.833333333334 18935.432181705222 0.9911918617765146
800 0.29271215413236695 7 14641 14894.666666666666 19254.516631750226 1.017325774651094
801 0.29271215413236695 7 15017 14768.666666666666 19091.63490032955 0.9834631861667887
802 0.29271215413236695 7 14877 15195.666666666666 19643.62299014407 1.021420089175685
803 0.29271215413236695 7 15018 15013.333333333334 19407.9184740406 0.9996892617747593
804 0.29271215413236695 7 14819 15170.666666666666 19611.30518629076 1.0237307960501159
805 0.29271215413236695 7 14974 14856.666666666666 19205.393569893196 0.9921641957170205
806 0.29271215413236695 7 14711 15006.666666666666 19399.300393013054 1.0200983391113225
807 0.29271215413236695 7 14705 14722.666666666666 19032.17014123946 1.0012014054176583
808 0.29271215413236695 7 14664 14653.0 18942.111194501573 0.9992498636115658
809 0.29271215413236695 7 14823 14628.5 18910.43974672533 0.986878499628955
810 0.29271215413236695 7 14755 14790.5 19119.859115694773 1.002405964079973
811 0.29271215413236695 7 14929 14744.333333333334 19060.178904578996 0.9876303391609172
812 0.29271215413236695 7 14820 14921.5 19289.204407886114 1.0068488529014845
813 0.29271215413236695 7 14838 14838.166666666666 19181.478395041748 1.0000112324212607
814 0.29271215413236695 7 14659 14860.166666666666 19209.918062432662 1.0137230825204084
815 0.29271215413236695 7 14672 14658.166666666666 18948.790207297923 0.9990571610323519
816 0.29271215413236695 7 14498 14646.833333333334 18934.13946955109 1.0102657837862694
817 0.29271215413236695 7 14666 14455.166666666666 18686.369640009052 0.9856243465612072
818 0.29271215413236695 7 14619 14622.166666666666 18902.25256974916 1.0002166130834302
819 0.29271215413236695 7 14266 14585.5 18854.853124097637 1.0223959063507642
820 0.29271215413236695 7 14251 14170.666666666666 18318.593032158395 0.9943629686805604
821 0.29271215413236695 7 14626 14183.0 18334.53648205936 0.9697114727198141
822 0.29271215413236695 7 14406 14618.333333333334 18897.297173158317 1.0147392290249433
823 0.29271215413236695 7 14376 14390.666666666666 18602.989706067514 1.001020218883324
824 0.29271215413236695 7 14430 14327.666666666666 18521.548840357176 0.9929082929082929
825 0.29271215413236695 7 14410 14398.5 18613.115951274885 0.9992019430950728
826 0.29271215413236695 7 14062 14434.0 18659.007232746586 1.0264542739297398
827 0.29271215413236695 7 15265 14030.5 18137.397878554173 0.9191287258434326
828 0.29271215413236695 7 14591 15371.5 19870.924877245678 1.0534918785552738
829 0.29271215413236695 7 14794 14621.833333333334 18901.821665697782 0.988362399170835
830 0.29271215413236695 7 14587 14863.666666666666 19214.442554972124 1.0189666598112475
831 0.29271215413236695 7 14867 14613.166666666666 18890.618160361966 0.9829263917849376
832 0.29271215413236695 7 14722 14943.166666666666 19317.21317122565 1.0150228682697098
833 0.29271215413236695 7 14735 14832.0 19173.50667009127 1.0065829657278589
834 0.29271215413236695 7 14724 14646.666666666666 18933.9240175254 0.9947478040387575
835 0.29271215413236695 7 15070 14746.166666666666 19062.548876861572 0.9785113912851139
836 0.29271215413236695 7 14877 15116.0 19540.636921864858 1.016065066881764
837 0.29271215413236695 7 14512 14925.333333333334 19294.159804476956 1.0284821756707094
838 0.29271215413236695 7 14459 14452.833333333334 18683.35331164941 0.9995735066970975
839 0.29271215413236695 7 14633 14415.166666666666 18634.661153843757 0.9851135561174513
840 0.29271215413236695 7 14299 14616.0 18894.280844798675 1.022169382474299
841 0.29271215413236695 7 14360 14228.166666666666 18392.923981021006 0.9908194057567317
842 0.29271215413236695 7 14659 14241.666666666666 18410.375595101792 0.9715305727994178
843 0.29271215413236695 7 14726 14622.666666666666 18902.898925826223 0.9929829326814251
844 0.29271215413236695 7 15035 14761.666666666666 19082.585915250624 0.9818201973173706
845 0.29271215413236695 7 14494 15131.0 19560.027604176845 1.0439492203670484
846 0.29271215413236695 7 14442 14470.833333333334 18706.622130423795 1.0019964917139823
847 0.29271215413236695 7 14484 14465.833333333334 18700.158569653133 0.9987457424284268
848 0.29271215413236695 7 15162 14504.666666666666 18750.358891638603 0.9566460009673305
849 0.29271215413236695 7 14338 15245.833333333334 19708.47404987638 1.063316594597108
850 0.29271215413236695 7 14992 14273.333333333334 18451.31147998265 0.9520633226609748
851 0.29271215413236695 7 14561 14984.833333333334 19371.076177647832 1.0291074330975436
852 0.29271215413236695 7 14757 14572.166666666666 18837.61696204254 0.9874748706828398
853 0.29271215413236695 7 15041 14809.5 19144.42064662329 0.9846087361212685
854 0.29271215413236695 7 14817 15133.833333333334 19563.690288613554 1.021383095993341
855 0.29271215413236695 7 15322 14759.5 19079.78503891667 0.9632880824957577
856 0.29271215413236695 7 14805 15486.0 20018.940418893835 1.0459979736575482
857 0.29271215413236695 7 15047 14773.833333333334 19098.3139131259 0.9818457721361955
858 0.29271215413236695 7 14614 15128.0 19556.149467714447 1.0351717531134528
859 0.29271215413236695 7 14640 14590.166666666666 18860.885780816923 0.9965960837887067
860 0.29271215413236695 7 14837 14573.166666666666 18838.90967419667 0.9822178787266068
861 0.29271215413236695 7 14526 14840.333333333334 19184.279271375704 1.0216393593097435
862 0.29271215413236695 7 14169 14393.333333333334 18606.436938478535 1.0158326863810667
863 0.29271215413236695 7 14319 14063.0 18179.411023563476 0.9821216565402612
864 0.29271215413236695 7 14386 14197.666666666666 18353.496260319967 0.9869085685156865
865 0.29271215413236695 7 14554 14348.0 18547.8339874912 0.9858458155833448
866 0.29271215413236695 7 14413 14539.666666666666 18795.603817033236 1.0087883623580562
867 0.29271215413236695 7 14853 14342.333333333334 18540.508618617787 0.9656186180120739
868 0.29271215413236695 7 14518 14907.5 19271.10643772826 1.0268287642926024
869 0.29271215413236695 7 15137 14576.166666666666 18842.78781065907 0.96294950562639
870 0.29271215413236695 7 14571 15273.333333333334 19744.02363411502 1.0482007640747604
871 0.29271215413236695 7 14767 14601.833333333334 18875.967422615133 0.9888151508995283
872 0.29271215413236695 7 14332 14802.5 19135.371661544363 1.0328286352218812
873 0.29271215413236695 7 14529 14318.5 18509.698978944296 0.9855117351503889
874 0.29271215413236695 7 14539 14475.0 18712.008431066013 0.9955980466331935
875 0.29271215413236695 7 14255 14542.5 18799.266501469945 1.0201683619782533
876 0.29271215413236695 7 15056 14108.0 18237.583070499433 0.9370350690754516
877 0.29271215413236695 7 14598 15136.833333333334 19567.56842507595 1.0369114490569484
878 0.29271215413236695 7 14479 14569.833333333334 18834.600633682898 1.0062734535073785
879 0.29271215413236695 7 14553 14503.5 18748.850727458783 0.9965986394557823
880 0.29271215413236695 7 15289 14557.0 18818.010827704868 0.9521224409706325
881 0.29271215413236695 7 14469 15414.0 19925.865143796305 1.065312046444122
882 0.29271215413236695 7 14417 14504.666666666666 18750.358891638603 1.0060807842593233
883 0.29271215413236695 7 14454 14310.5 18499.357281711236 0.9900719524007195
884 0.29271215413236695 7 14584 14430.0 18653.836384130056 0.9894404827207899
885 0.29271215413236695 7 14201 14601.5 18875.536518563757 1.028202239278924
886 0.29271215413236695 7 14097 14142.333333333334 18281.966187791313 1.0032158142394363
887 0.29271215413236695 7 14344 13898.333333333334 17966.544422183015 0.9689300985313256
888 0.29271215413236695 7 14467 14323.166666666666 18515.73163566358 0.9900578327688302
889 0.29271215413236695 7 14132 14475.333333333334 18712.43933511739 1.0242947447872441
890 0.29271215413236695 7 14124 14078.333333333334 18199.23260992684 0.9967667327480412
891 0.29271215413236695 7 14197 14047.333333333334 18159.158533148737 0.98945786668545
892 0.29271215413236695 7 14310 14196.333333333334 18351.77264411446 0.9920568367109248
893 0.29271215413236695 7 13864 14345.5 18544.60220710587 1.0347302365839584
894 0.29271215413236695 7 14093 13784.0 17818.744332560545 0.9780742212445895
895 0.29271215413236695 7 13770 14030.666666666666 18137.61333057986 1.0189300411522633
896 0.29271215413236695 7 13651 13709.666666666666 17722.652729103374 1.0042976094547407
897 0.29271215413236695 7 13651 13572.166666666666 17544.904807910174 0.994225087295192
898 0.29271215413236695 7 14057 13560.0 17529.176810034896 0.9646439496336345
899 0.29271215413236695 7 13921 14014.833333333334 18117.145388139434 1.006740416157843
