16577
16493
16359
16219
15986
16370
16243
16596
16829
15863
16441
16361
16392
17638
15868
16233
15698
15217
15179
16049
16016
15279
15538
15964
15562
15734
15503
15584
15855
16447
15669
15961
15973
15813
15373
15686
16279
16481
16310
15874
16497
16183
17069
17188
17007
16779
16999
17187
16941
16932
16765
16972
17024
17482
19358
17254
17752
17536
17102
17782
18669
18373
18294
17943
18315
18552
18682
18623
18853
18366
18757
18570
18564
18541
18899
18866
18613
18543
18487
18557
18509
19052
18248
17590
18103
17901
17504
17679
17707
17715
17321
17426
17818
18143
18038
17828
17645
17691
17350
17610
17634
18033
18110
18153
18118
18612
18531
22194
19550
19176
18684
18509
18519
18436
18612
18189
18450
18485
18515
18245
18849
18330
18185
18458
18883
18579
18387
19304
18548
18427
18711
19093
18769
18347
19316
18932
19054
19130
18769
18881
18712
19123
18809
18005
19156
19080
18716
18689
18773
18338
18744
18555
18951
18696
19151
19120
18646
18839
18940
19112
19072
19417
18729
19898
18435
19001
18829
18924
19060
19122
18601
18681
18873
18410
17979
18044
18084
17622
18128
18850
18380
18122
17837
17982
18150
18005
18412
18623
18527
18529
18623
18838
18567
19077
18533
19587
18885
19325
18843
20073
18845
18755
18853
19217
19514
18791
19001
19062
18862
19473
19778
19770
20217
20779
20162
20716
19933
20096
19826
20047
19626
20239
19701
19190
19730
19611
19396
19407
20080
19302
20094
19580
19271
19614
19869
19635
19072
19343
19338
19778
19335
19203
19438
19651
19193
19446
19737
19583
19627
19220
19551
19476
19586
19798
19390
19538
19397
19816
19897
20187
19737
19810
19602
19797
23082
23347
25030
26638
27476
29725
23301
36155
40047
36348
44010
48358
49951
43001
45319
46802
52988
60457
48627
44267
45355
52317
38964
41015
49845
32493
30259
24963
27621
27680
34320
24009
19678
21219
20629
19760
19140
18886
18989
19079
18970
19301
19113
18906
19130
19059
19263
19414
19314
18903
18314
18730
18973
18869
19277
19439
19398
19333
19398
19276
19236
19357
19096
19600
19571
19264
19301
19573
19549
19612
19698
19170
18926
19831
19497
19588
20230
20044
19405
19821
19993
20345
21052
20897
21665
21136
20330
20549
20397
19760
19530
19437
18627
18855
19080
18825
18736
18991
19729
19597
18742
19214
19019
18984
18918
18970
18774
19216
18929
18683
18992
18814
19150
18702
18927
18990
19069
18994
19335
19182
19166
19360
19598
19601
20142
20368
20249
20500
20476
20554
21181
20762
20106
20175
20389
20776
20609
20176
20007
20223
20248
20511
20587
20373
19325
18726
18350
18974
18735
19275
19137
18742
19003
19533
19474
19847
19955
19860
19641
19708
19713
19571
19013
19145
19633
19179
18992
18948
19093
18727
19167
19170
19170
18645
18486
19109
18688
18650
19032
18476
18635
19127
18399
18690
18667
18445
18560
18543
18476
18551
18814
18594
18418
18074
17889
17978
17785
17511
17700
18006
17741
18043
19171
18262
17402
18011
17134
17421
17526
17443
17787
17347
17478
17441
17129
16874
16841
16736
16659
16289
16579
16106
16250
16356
16309
16193
16301
16551
16633
16074
16699
16305
16412
16454
16649
16778
16084
17119
16778
17475
17932
17308
17799
18029
17406
17475
17719
18078
18329
17943
17654
17847
18182
17423
17394
17977
17495
17810
17803
17658
17650
17852
18057
18009
17653
17612
17946
18444
18262
18031
17810
17606
18597
17469
18074
18387
18384
17900
17689
17687
17532
17475
17734
17435
17684
17410
17480
17439
17967
17782
17915
17967
18180
18298
18003
17609
17983
17815
18197
17884
17879
18032
17951
18617
18290
18300
18884
18805
18718
18631
18542
18769
18557
18621
19005
18748
18707
19113
19001
18823
19155
18671
19141
18770
19065
19467
19234
19284
19496
19583
19451
18926
20018
19640
19136
19248
19312
18601
19720
19221
19847
19378
19238
19162
19024
18417
18996
18434
18409
19125
19319
19564
18900
18909
17851
17826
17252
16971
17107
18015
17161
17467
17803
17778
17728
18697
18355
17374
17738
17500
18046
17994
17699
18189
17878
17807
18138
17569
18108
18110
18440
19129
18544
18601
18586
18776
18630
18603
18305
18156
18631
18170
18314
18628
18430
17756
17342
17472
17575
17389
17388
18082
17451
17440
17854
16985
18024
19622
19607
19530
18683
17417
17518
17458
17766
17538
17570
17466
17848
17780
17920
17751
18180
17525
17800
17889
18149
17782
17690
17840
17513
17784
18217
18315
18493
17878
18215
18274
18473
18525
18457
18329
18866
18623
18874
17407
17212
17380
17604
17506
17468
17482
17343
17328
17570
17495
17397
18405
17288
17036
17256
17251
17210
17189
17115
17521
18238
17583
17960
17787
18228
18264
18255
17909
17411
17813
18379
18457
18234
17764
17811
17322
17466
17552
17153
17791
17722
17402
18572
17657
17554
17433
17294
16943
16953
16651
17100
17415
17042
17464
17776
17421
17530
17157
17319
17346
17477
17471
16944
17229
18251
17312
16794
16961
17211
17141
17345
17487
17139
17930
17340
17340
17499
17971
17811
17966
17780
17882
18327
18101
18018
18255
17966
18042
17940
17767
17964
17620
17727
17599
17819
17946
17802
17907
17877
17543
17828
17715
17235
17529
17335
17507
17408
17057
17715
17629
17397
17270
17289
17330
17594
17386
17409
17410
17089
17342
17332
17658
17056
17010
17354
17605
17305
17776
17883
18823
17449
17094
16889
17085
17337
17282
17540
17269
17257
17462
17062
17544
17504
17509
18403
17702
18195
17639
17861
18655
17626
18053
18011
17449
17514
18199
17710
17129
17522
17422
18043
17475
17723
17732
17428
17467
17410
17171
17970
17543
17906
17561
18438
17574
17963
17304
17810
18179
18014
17987
18013
17991
17983
17206
18165
16883
17803
18387
17903
17969