9 0.3416797172102245 8 15863 16877.0 22643.52858735696 1.0639223349933808
10 0.3416797172102245 8 16441 15792.142857142857 21187.9977627149 0.9605342045582906
11 0.3416797172102245 8 16361 16472.714285714286 22101.10664454197 1.0068280842072175
12 0.3416797172102245 8 16392 16414.571428571428 22023.097552412746 1.001376978316949
13 0.3416797172102245 8 17638 16395.14285714286 21997.030632192666 0.9295352566698525
14 0.3416797172102245 8 15868 17837.285714285714 23931.924452940835 1.1241042169325506
15 0.3416797172102245 8 16233 15764.0 21150.23906210198 0.9711082363087538
16 0.3416797172102245 8 15698 16147.857142857143 21665.252404979678 1.0286569717707443
17 0.3416797172102245 8 15217 15674.42857142857 21030.06289314615 1.0300603648175441
18 0.3416797172102245 8 15179 15042.142857142857 20181.737974807227 0.9909837839872756
19 0.3416797172102245 8 16049 15010.142857142857 20138.8042238565 0.9352696652216871
20 0.3416797172102245 8 16016 16000.0 21466.875475363595 0.999000999000999
21 0.3416797172102245 8 15279 15784.285714285714 21177.455993508243 1.0330706011051582
22 0.3416797172102245 8 15538 15194.857142857143 20386.631634478334 0.9779158928341577
23 0.3416797172102245 8 15964 15438.714285714286 20713.8098169466 0.9670956079750869
24 0.3416797172102245 8 15562 16002.0 21469.558834798016 1.028274000771109
25 0.3416797172102245 8 15734 15611.285714285714 20945.345402430874 0.9922006936752075
26 0.3416797172102245 8 15503 15813.285714285714 21216.36470530734 1.0200145593940344
27 0.3416797172102245 8 15584 15425.0 20695.409637967714 0.989797227926078
28 0.3416797172102245 8 15855 15522.285714285714 20825.935907599167 0.9790151822318331
29 0.3416797172102245 8 16447 15937.285714285714 21382.73299024141 0.9690086772229412
30 0.3416797172102245 8 15669 16576.85714285714 22240.83300366286 1.057939698950612
31 0.3416797172102245 8 15961 15626.857142857143 20966.237272313152 0.979065042469591
32 0.3416797172102245 8 15973 16018.0 21491.025710273378 1.0028172541163214
33 0.3416797172102245 8 15813 16007.142857142857 21476.458901915095 1.0122774209285308
34 0.3416797172102245 8 15373 15857.285714285714 21275.398612864592 1.0315023557071303
35 0.3416797172102245 8 15686 15342.857142857143 20585.200232625448 0.9781242600316934
36 0.3416797172102245 8 16279 15661.857142857143 21013.196062415507 0.9620896334453678
37 0.3416797172102245 8 16481 16255.0 21809.003803252202 0.9862872398519508
38 0.3416797172102245 8 16310 16597.0 22267.858266538096 1.017596566523605
39 0.3416797172102245 8 15874 16359.857142857143 21949.688505028244 1.0306071023596537
40 0.3416797172102245 8 16497 15859.857142857143 21278.848646423132 0.9613782592505997
41 0.3416797172102245 8 16183 16594.714285714286 22264.79157004162 1.0254411595942832
42 0.3416797172102245 8 17069 16298.714285714286 21867.65437374739 0.9548722412393396
43 0.3416797172102245 8 17188 17266.571428571428 23166.208671475855 1.0045712955882842
44 0.3416797172102245 8 17007 17317.85714285714 23235.01767411564 1.0182781879730194
45 0.3416797172102245 8 16779 17082.14285714286 22918.764597916088 1.0180668011885605
46 0.3416797172102245 8 16999 16846.0 22601.936516123445 0.9909994705570916
47 0.3416797172102245 8 17187 17159.714285714286 23022.840610265393 0.9984124213483613
48 0.3416797172102245 8 16941 17285.571428571428 23191.700586102852 1.020339497584052
49 0.3416797172102245 8 16932 17049.285714285714 22874.680835779178 1.006926867132395
50 0.3416797172102245 8 16765 16912.428571428572 22691.06238305241 1.0087938306846749
51 0.3416797172102245 8 16972 16704.571428571428 22412.18467040371 0.9842429547826672
52 0.3416797172102245 8 17024 16967.0 22764.27976190588 0.9966517857142857
53 0.3416797172102245 8 17482 17059.0 22887.714295889222 0.9758036837890401
54 0.3416797172102245 8 19358 17551.0 23547.82071675665 0.9066535799152805
55 0.3416797172102245 8 17254 19668.14285714286 26388.34834662173 1.1399178658364935
56 0.3416797172102245 8 17752 17298.714285714286 23209.334090957615 0.9744656537693942
57 0.3416797172102245 8 17536 17869.14285714286 23974.666535360535 1.0189976538060481
58 0.3416797172102245 8 17102 17646.14285714286 23675.471958422655 1.031817498371118
59 0.3416797172102245 8 17782 17120.571428571428 22970.323432763165 0.9628034770313478
60 0.3416797172102245 8 18669 17890.285714285714 24003.033477952977 0.9582883772181539
61 0.3416797172102245 8 18373 18838.571428571428 25275.32918693033 1.0253399786954458
62 0.3416797172102245 8 18294 18232.285714285714 24461.887941238874 0.9966265286042262
63 0.3416797172102245 8 17943 18442.571428571428 24744.024018915083 1.0278421350148486
64 0.3416797172102245 8 18315 17970.285714285714 24110.367855329794 0.9811785811785811
65 0.3416797172102245 8 18552 18426.285714285714 24722.173806377657 0.9932236801577035
66 0.3416797172102245 8 18682 18759.14285714286 25168.761483677634 1.0041292611681223
67 0.3416797172102245 8 18623 18810.571428571428 25237.762154848442 1.0100720307453916
68 0.3416797172102245 8 18853 18616.428571428572 24977.284621178635 0.987451788650537
69 0.3416797172102245 8 18366 18921.571428571428 25386.688603458777 1.0302499961108258
70 0.3416797172102245 8 18757 18376.285714285714 24655.089820517147 0.979702815710706
71 0.3416797172102245 8 18570 18873.285714285714 25321.904639970628 1.0163320255404262
72 0.3416797172102245 8 18564 18606.428571428572 24963.86782400653 1.0022855295964541
73 0.3416797172102245 8 18541 18565.714285714286 24909.24229266297 1.0013329532233584
74 0.3416797172102245 8 18899 18520.85714285714 24849.05837391954 0.9799913827640162
75 0.3416797172102245 8 18866 18938.428571428572 25409.305490120325 1.0038391058745135
76 0.3416797172102245 8 18613 18867.85714285714 25314.621235791485 1.0136924269519767
77 0.3416797172102245 8 18543 18648.285714285714 25020.026703598327 1.0056779223580712
78 0.3416797172102245 8 18487 18512.428571428572 24837.74993058877 1.0013754839307931
79 0.3416797172102245 8 18557 18475.14285714286 24787.724443989933 0.9955888805918445
80 0.3416797172102245 8 18509 18556.0 24896.20883255293 1.0025393052028744
81 0.3416797172102245 8 19052 18504.428571428572 24827.01649285109 0.971259110404607
82 0.3416797172102245 8 18248 19073.85714285714 25591.007257536792 1.045257405899668
83 0.3416797172102245 8 17590 18159.714285714286 24364.52032747562 1.032388532445383
84 0.3416797172102245 8 18103 17443.85714285714 23404.069318484126 0.9635893024834083
85 0.3416797172102245 8 17901 18040.14285714286 24204.093767003484 1.007772909733694
86 0.3416797172102245 8 17504 17817.285714285714 23905.09085859663 1.0178979498563594
87 0.3416797172102245 8 17679 17353.571428571428 23282.934806873145 0.9815923654376055
88 0.3416797172102245 8 17707 17560.428571428572 23560.470839804635 0.9917224019556431
89 0.3416797172102245 8 17715 17514.85714285714 23499.328578406054 0.9887020684649812
90 0.3416797172102245 8 17321 17638.85714285714 23665.69686334012 1.0183509695085238
91 0.3416797172102245 8 17426 17282.571428571428 23187.67554695122 0.9917692774343755
92 0.3416797172102245 8 17818 17329.285714285714 23250.35115659804 0.9725718775556018
93 0.3416797172102245 8 18143 17806.14285714286 23890.14071317629 0.9814332170612831
94 0.3416797172102245 8 18038 18234.285714285714 24464.571300673295 1.0108817892385915
95 0.3416797172102245 8 17828 18089.285714285714 24270.02774167781 1.014655918458925
96 0.3416797172102245 8 17645 17845.285714285714 23942.657890678518 1.0113508480751325
97 0.3416797172102245 8 17691 17635.0 23660.52181300231 0.9968345486405517
98 0.3416797172102245 8 17350 17743.85714285714 23806.573233647192 1.0227006998764923
99 0.3416797172102245 8 17610 17339.14285714286 23263.576285239116 0.9846191287417864
100 0.3416797172102245 8 17634 17580.285714285714 23587.112765617807 0.9969539363891184
101 0.3416797172102245 8 18033 17561.285714285714 23561.620850990814 0.9738416078459332
102 0.3416797172102245 8 18110 18032.285714285714 24193.55199779683 0.9957087639031317
103 0.3416797172102245 8 18153 18150.285714285714 24351.870204427636 0.9998504772922224
104 0.3416797172102245 8 18118 18225.571428571428 24452.87952028046 1.0059372683834544
105 0.3416797172102245 8 18612 18179.0 24390.395579164673 0.976735439501397
106 0.3416797172102245 8 18531 18792.285714285714 25213.2285828766 1.014099925221829
107 0.3416797172102245 8 22194 18662.571428571428 25039.19355670133 0.8408836365040744
108 0.3416797172102245 8 19550 22845.428571428572 30651.248145260673 1.1685641213006943
109 0.3416797172102245 8 19176 19766.714285714286 26520.59963303245 1.030804875141546
110 0.3416797172102245 8 18684 19328.285714285714 25932.36891130128 1.0344832859283726
111 0.3416797172102245 8 18509 18759.85714285714 25169.71982633278 1.0135532520858577
112 0.3416797172102245 8 18519 18564.85714285714 24908.092281476787 1.002476221332531
113 0.3416797172102245 8 18436 18505.714285714286 24828.741509630356 1.0037814214425194
114 0.3416797172102245 8 18612 18422.428571428572 24716.998756039848 0.9898145589634952
115 0.3416797172102245 8 18189 18100.285714285714 24284.786218567126 0.9951226408425814
116 0.3416797172102245 8 18450 17994.571428571428 24142.9515056049 0.9753155245838172
117 0.3416797172102245 8 18485 18346.285714285714 24614.83942900084 0.9924958460527841
118 0.3416797172102245 8 18515 18456.571428571428 24762.807534956024 0.996844257551792
119 0.3416797172102245 8 18245 18515.85714285714 24842.349975333487 1.0148455545550639
120 0.3416797172102245 8 18849 18205.85714285714 24426.429262998317 0.9658792054144592
121 0.3416797172102245 8 18330 18908.0 25368.480093010927 1.0315330060010912
122 0.3416797172102245 8 18185 18289.714285714286 24538.93869071295 1.0057582780156331
123 0.3416797172102245 8 18458 18184.428571428572 24397.678983343816 0.985178706871198
124 0.3416797172102245 8 18883 18459.14285714286 24766.257568514568 0.977553506177136
125 0.3416797172102245 8 18579 18939.85714285714 25411.222175430623 1.0194228506839518
126 0.3416797172102245 8 18387 18588.14285714286 24939.33425203469 1.0109394059467482
127 0.3416797172102245 8 19304 18407.285714285714 24696.681891750664 0.9535477473210585
128 0.3416797172102245 8 18548 19369.0 25986.994442644842 1.0442635324563294
129 0.3416797172102245 8 18427 18579.14285714286 24927.259134579796 1.0082565179976588
130 0.3416797172102245 8 18711 18461.571428571428 24769.515933542076 0.9866694152408437
131 0.3416797172102245 8 19093 18747.14285714286 25152.661327071113 0.981885657421194
132 0.3416797172102245 8 18769 19123.0 25656.941232211124 1.0188608876338643
133 0.3416797172102245 8 18347 18796.14285714286 25218.403633214413 1.0244804522343085
134 0.3416797172102245 8 19316 18341.285714285714 24608.13103041479 0.9495385024997781
135 0.3416797172102245 8 18932 19317.714285714286 25918.185440005058 1.0203736681657662
136 0.3416797172102245 8 19054 18986.85714285714 25474.281122139502 0.9964761804795392
137 0.3416797172102245 8 19130 19143.571428571428 25684.54150067945 1.0007094317078635
138 0.3416797172102245 8 18769 19189.85714285714 25746.64210473318 1.022422992320163
139 0.3416797172102245 8 18881 18722.714285714286 25119.886008264977 0.9916166667927698
140 0.3416797172102245 8 18712 18897.0 25353.721616121613 1.0098867037195383
141 0.3416797172102245 8 19123 18764.14285714286 25175.469882263686 0.9812342653947006
142 0.3416797172102245 8 18809 19095.428571428572 25619.94920572233 1.0152282721797317
143 0.3416797172102245 8 18005 18791.428571428572 25212.07857169042 1.0436783433173324
144 0.3416797172102245 8 19156 17855.14285714286 23955.883019319594 0.9320913999343735
145 0.3416797172102245 8 19080 19159.714285714286 25706.200044685844 1.004177897574124
146 0.3416797172102245 8 18716 19124.428571428572 25658.857917521425 1.021822428479834
147 0.3416797172102245 8 18689 18692.428571428572 25079.25227968661 1.000183453979805
148 0.3416797172102245 8 18773 18685.714285714286 25070.243858728198 0.9953504653339523
149 0.3416797172102245 8 18338 18723.0 25120.269345327037 1.0209946559057694
150 0.3416797172102245 8 18744 18270.714285714286 24513.446776085955 0.974750015242973
151 0.3416797172102245 8 18555 18849.571428571428 25290.087663819642 1.0158755822458327
152 0.3416797172102245 8 18951 18469.14285714286 24779.67436568667 0.9745735242015122
153 0.3416797172102245 8 18696 18932.571428571428 25401.44708034809 1.0126535851824683
154 0.3416797172102245 8 19151 18693.14285714286 25080.21062234176 0.9760922592628509
155 0.3416797172102245 8 19120 19217.0 25783.059125628886 1.0050732217573222
156 0.3416797172102245 8 18646 19169.571428571428 25719.425173326916 1.0280795574692387
157 0.3416797172102245 8 18839 18690.0 25075.9939146591 0.992090875311853
158 0.3416797172102245 8 18940 18852.571428571428 25294.112702971273 0.9953839191431588
159 0.3416797172102245 8 19112 18995.0 25485.206228408217 0.9938781917120134
160 0.3416797172102245 8 19072 19135.0 25673.041388817648 1.0033032718120805
161 0.3416797172102245 8 19417 19125.714285714286 25660.582934300695 0.984998418175531
162 0.3416797172102245 8 18729 19455.0 26102.37889832492 1.0387634150248277
163 0.3416797172102245 8 19898 18673.14285714286 25053.377027997558 0.9384432031934294
164 0.3416797172102245 8 18435 20076.85714285714 26936.712013898647 1.0890619551319307
165 0.3416797172102245 8 19001 18377.285714285714 24656.431500234357 0.9671746599803017
166 0.3416797172102245 8 18829 19009.714285714286 25504.94808710431 1.009597657109474
167 0.3416797172102245 8 18924 18788.571428571428 25208.245201069818 0.992843554669807
168 0.3416797172102245 8 19060 18902.85714285714 25361.580025893843 0.9917553590166391
169 0.3416797172102245 8 19122 19009.0 25503.989744449158 0.9940905762995502
170 0.3416797172102245 8 18601 19178.14285714286 25730.92528518872 1.0310275177217816
171 0.3416797172102245 8 18681 18415.714285714286 24707.99033508144 0.9857991695152447
172 0.3416797172102245 8 18873 18716.14285714286 25111.069255837596 0.991688807139451
173 0.3416797172102245 8 18410 18854.714285714286 25296.987730936726 1.0241561263288586
174 0.3416797172102245 8 17979 18350.14285714286 24620.014479338653 1.0206431312721986
175 0.3416797172102245 8 18044 17844.0 23940.932873899248 0.9889159831522943
176 0.3416797172102245 8 18084 17898.85714285714 24014.53358981478 0.9897620627547634
177 0.3416797172102245 8 17622 17935.714285714286 24063.98407082053 1.0178024222968043
178 0.3416797172102245 8 18128 17482.14285714286 23455.43648480018 0.964372399445215
179 0.3416797172102245 8 18850 18049.0 24215.977215927345 0.9575066312997348
180 0.3416797172102245 8 18380 18846.714285714286 25286.254293199043 1.0253925073838024
181 0.3416797172102245 8 18122 18375.714285714286 24654.323146393028 1.0140003468554402
182 0.3416797172102245 8 17837 18142.428571428572 24341.328435220985 1.0171233150994323
183 0.3416797172102245 8 17982 17807.428571428572 23891.86572995556 0.9902918791807681
184 0.3416797172102245 8 18150 17967.428571428572 24106.5344847092 0.9899409681227863
185 0.3416797172102245 8 18005 18225.428571428572 24452.687851749433 1.0122426310151942
186 0.3416797172102245 8 18412 17987.428571428572 24133.3680790534 0.9769405046398312
187 0.3416797172102245 8 18623 18349.428571428572 24619.056136683503 0.9853100237034083
188 0.3416797172102245 8 18527 18657.714285714286 25032.67682664631 1.0070553400828135
189 0.3416797172102245 8 18529 18584.85714285714 24934.92587582099 1.00301457946231
190 0.3416797172102245 8 18623 18627.85714285714 24992.618103661032 1.000260814200566
191 0.3416797172102245 8 18838 18714.571428571428 25108.960901996263 0.9934478940742875
192 0.3416797172102245 8 18567 18936.285714285714 25406.430462154873 1.0198893582315782
193 0.3416797172102245 8 19077 18647.285714285714 25018.685023881117 0.9774747452055205
194 0.3416797172102245 8 18533 19172.0 25722.683538354428 1.0344790373927588
195 0.3416797172102245 8 19587 18520.14285714286 24848.100031264392 0.9455323866412855
196 0.3416797172102245 8 18885 19738.428571428572 26482.649263888507 1.0451908165966943
197 0.3416797172102245 8 19325 18935.85714285714 25405.85545656178 0.9798632415450008
198 0.3416797172102245 8 18843 19425.285714285714 26062.511843870674 1.0309019643520518
199 0.3416797172102245 8 20073 18843.714285714286 25282.22925404741 0.9387592430485869
200 0.3416797172102245 8 18845 20288.14285714286 27220.18977129207 1.0765796156616003
201 0.3416797172102245 8 18755 18811.85714285714 25239.487171627712 1.0030315725330388
202 0.3416797172102245 8 18853 18786.714285714286 25205.75351016643 0.9964840760470104
203 0.3416797172102245 8 19217 18748.14285714286 25154.003006788324 0.975601959574484
204 0.3416797172102245 8 19514 19264.428571428572 25846.693077930857 0.987210647300839
205 0.3416797172102245 8 18791 19541.0 26217.763354004997 1.0399127241764674
206 0.3416797172102245 8 19001 18783.571428571428 25201.536802483766 0.9885569932409571
207 0.3416797172102245 8 19062 18847.85714285714 25287.78764144728 0.9887659816838287
208 0.3416797172102245 8 18862 19093.0 25616.690840694817 1.01224684550949
209 0.3416797172102245 8 19473 18877.285714285714 25327.27135883947 0.9694081915619429
210 0.3416797172102245 8 19778 19561.571428571428 26245.363622473324 0.9890571052973722
211 0.3416797172102245 8 19770 19858.14285714286 26643.26749289167 1.0044584146253344
212 0.3416797172102245 8 20217 19806.571428571428 26574.075153189828 0.9796988390251485
213 0.3416797172102245 8 20779 20420.714285714286 27398.058168087937 0.982757316796491
214 0.3416797172102245 8 20162 21033.0 28219.549492082653 1.0432000793572067
215 0.3416797172102245 8 20716 20319.14285714286 27261.781842525586 0.9808429647201612
216 0.3416797172102245 8 19933 20980.85714285714 28149.59047825669 1.0525689631694748
217 0.3416797172102245 8 20096 19998.714285714286 26831.869327425222 0.9951589513193813
218 0.3416797172102245 8 19826 20141.428571428572 27023.346189924225 1.0159098442161087
219 0.3416797172102245 8 20047 19834.0 26610.875511147595 0.9893749688232654
220 0.3416797172102245 8 19626 20022.714285714286 26864.069640638267 1.0202137106753433
221 0.3416797172102245 8 20239 19461.285714285714 26110.81231369024 0.9615734825972486
222 0.3416797172102245 8 19701 20250.0 27169.014273507048 1.027866605756053
223 0.3416797172102245 8 19190 19556.0 26237.888549763153 1.0190724335591455
224 0.3416797172102245 8 19730 19083.85714285714 25604.424054708896 0.9672507421620447
225 0.3416797172102245 8 19611 19677.714285714286 26401.19013820074 1.0034018808686087
226 0.3416797172102245 8 19396 19580.285714285714 26270.472200038257 1.0095012226379518
227 0.3416797172102245 8 19407 19303.0 25898.443581308966 0.9946411088782399
228 0.3416797172102245 8 20080 19375.714285714286 25996.00286360325 0.9649260102447353
229 0.3416797172102245 8 19302 20057.285714285714 26910.453425147534 1.0391299199194755
230 0.3416797172102245 8 20094 19245.0 25820.626157710773 0.957748581666169
231 0.3416797172102245 8 19580 20223.14285714286 27132.980589673403 1.0328469283525463
232 0.3416797172102245 8 19271 19558.571428571428 26241.338583321693 1.0149224964231969
233 0.3416797172102245 8 19614 19222.428571428572 25790.34252980803 0.9800361257993562
234 0.3416797172102245 8 19869 19645.14285714286 26357.489713125895 0.9887333462752458
235 0.3416797172102245 8 19635 19935.0 26746.385162585826 1.0152788388082505
236 0.3416797172102245 8 19072 19571.428571428572 26258.588751114396 1.026186481303931
237 0.3416797172102245 8 19343 19039.14285714286 25544.4318044965 0.9842911056786878
238 0.3416797172102245 8 19338 19235.714285714286 25808.16770319382 0.9947106363488616
239 0.3416797172102245 8 19778 19303.428571428572 25899.018586902057 0.9760050850150962
240 0.3416797172102245 8 19335 19850.428571428572 26632.91739221605 1.026657800435923
241 0.3416797172102245 8 19203 19295.14285714286 25887.901812102315 1.0047983573995136
242 0.3416797172102245 8 19438 19107.85714285714 25636.62436792194 0.9830155953728337
243 0.3416797172102245 8 19651 19409.85714285714 26041.811642519428 0.9877287233655866
244 0.3416797172102245 8 19193 19733.714285714286 26476.324202364514 1.028172473595284
245 0.3416797172102245 8 19446 19171.571428571428 25722.108532761336 0.9858876595994769
246 0.3416797172102245 8 19737 19461.428571428572 26111.00398222127 0.9860378259831065
247 0.3416797172102245 8 19583 19731.14285714286 26472.874168805974 1.007564870405089
248 0.3416797172102245 8 19627 19618.428571428572 26321.64769782328 0.9995632838145704
249 0.3416797172102245 8 19220 19687.571428571428 26414.41526684181 1.0243273375947672
250 0.3416797172102245 8 19551 19188.85714285714 25745.30042501597 0.9814770161555492
251 0.3416797172102245 8 19476 19536.714285714286 26212.0132980741 1.0031173899011236
252 0.3416797172102245 8 19586 19516.428571428572 26184.796366667833 0.9964479001035725
253 0.3416797172102245 8 19798 19606.0 26304.972535623663 0.9903020507121931
254 0.3416797172102245 8 19390 19806.714285714286 26574.26682172086 1.021491195756281
255 0.3416797172102245 8 19538 19362.428571428572 25978.17769021746 0.9910138484711113
256 0.3416797172102245 8 19397 19525.285714285714 26196.679815591695 1.0066136884201533
257 0.3416797172102245 8 19816 19422.285714285714 26058.486804719043 0.9801314954726339
258 0.3416797172102245 8 19897 19853.85714285714 26637.517436960767 0.99783169034815
259 0.3416797172102245 8 20187 19957.14285714286 26776.093784895485 0.9886136056443681
260 0.3416797172102245 8 19737 20272.85714285714 27199.68123847185 1.0271498780390709
261 0.3416797172102245 8 19810 19728.285714285714 26469.04079818537 0.9958750991562703
262 0.3416797172102245 8 19602 19870.0 26659.175980967164 1.0136720742781349
263 0.3416797172102245 8 19797 19611.14285714286 26311.872602740747 0.9906118531667858
264 0.3416797172102245 8 23082 19854.14285714286 26637.90077402283 0.8601569559458825
265 0.3416797172102245 8 23347 23548.571428571428 31594.64065499049 1.0086337186178707
266 0.3416797172102245 8 25030 23839.85714285714 31985.452789760722 0.952451344101364
267 0.3416797172102245 8 26638 25721.85714285714 34510.494017550365 0.9656076711035791
268 0.3416797172102245 8 27476 27623.85714285714 37062.36883968421 1.0053813198011772
269 0.3416797172102245 8 29725 28571.14285714286 38333.32286894436 0.9611822660098522
270 0.3416797172102245 8 23301 31171.14285714286 41821.69013369094 1.3377598754192035
271 0.3416797172102245 8 36155 23801.571428571428 31934.085623444676 0.6583203271628109
272 0.3416797172102245 8 40047 38022.57142857143 51014.11288189128 0.9494486835111601
273 0.3416797172102245 8 36348 42432.71428571428 56931.1121033194 1.167401625556132
274 0.3416797172102245 8 44010 37964.857142857145 50936.67879535515 0.8626416074268836
275 0.3416797172102245 8 48358 46491.71428571428 62376.990075475696 0.9614068879133604
276 0.3416797172102245 8 49951 51341.142857142855 68883.37002982116 1.0278301306709146
277 0.3416797172102245 8 43001 52840.42857142857 70894.93126298136 1.2288185989030156
278 0.3416797172102245 8 45319 45815.28571428572 61469.43958104851 1.010950941421605
279 0.3416797172102245 8 46802 46628.142857142855 62560.03352260938 0.9962852625345681
280 0.3416797172102245 8 52988 47767.0 64088.0150519808 0.9014682569638409
281 0.3416797172102245 8 60457 55365.142857142855 74282.28921187512 0.9157772111937882
282 0.3416797172102245 8 48627 62806.57142857143 84266.30299322949 1.2915987296886797
283 0.3416797172102245 8 44267 48665.42857142857 65293.418443628674 1.099361343019147
284 0.3416797172102245 8 45355 43455.0 58302.692111370314 0.9581082570830118
285 0.3416797172102245 8 52317 45691.28571428572 61303.07129611444 0.8733544682280275
286 0.3416797172102245 8 38964 53316.71428571428 71533.95414543548 1.3683583380996376
287 0.3416797172102245 8 41015 37844.28571428572 50774.91055516581 0.9226937879869734
288 0.3416797172102245 8 49845 39304.57142857143 52734.14627935478 0.7885358898299012
289 0.3416797172102245 8 32493 48329.0 64842.03905305295 1.4873665097097837
290 0.3416797172102245 8 30259 30188.14285714286 40502.818971673296 0.9976583118127783
291 0.3416797172102245 8 24963 28257.85714285714 37912.993780395496 1.1319896303672292
292 0.3416797172102245 8 27621 22049.85714285714 29583.84609595442 0.7983004649671316
293 0.3416797172102245 8 27680 24093.0 32325.08942674594 0.8704118497109826
294 0.3416797172102245 8 34320 26068.0 34974.90686823613 0.7595571095571095
295 0.3416797172102245 8 24009 33363.57142857143 44763.22707940884 1.3896276991366332
296 0.3416797172102245 8 19678 20318.14285714286 27260.440162808376 1.032530890189189
297 0.3416797172102245 8 21219 17847.285714285714 23945.34125011294 0.8410992843341211
298 0.3416797172102245 8 20629 19927.571428571428 26736.418398972266 0.9659979363309626
299 0.3416797172102245 8 19760 20009.85714285714 26846.819472845564 1.0126445922498553
300 0.3416797172102245 8 19140 18637.0 25004.884889646957 0.9737199582027168
301 0.3416797172102245 8 18886 17920.0 24042.900532407224 0.9488510007412898
302 0.3416797172102245 8 18989 16681.14285714286 22380.75103131479 0.8784634713330275
303 0.3416797172102245 8 19079 18271.85714285714 24514.980124334194 0.9576946979850696
304 0.3416797172102245 8 18970 18993.428571428572 25483.097874566887 1.001235032758491
305 0.3416797172102245 8 19301 18648.714285714286 25020.60170919142 0.9662045637901812
306 0.3416797172102245 8 19113 19111.285714285714 25641.224412666663 0.9999103078682422
307 0.3416797172102245 8 18906 19020.571428571428 25519.51489546259 1.0060600565202278
308 0.3416797172102245 8 19130 18872.571428571428 25320.946297315477 0.9865432006571577
309 0.3416797172102245 8 19059 19164.85714285714 25713.100111802923 1.0055541813766273
310 0.3416797172102245 8 19263 19069.0 25584.490527481772 0.9899288791984634
311 0.3416797172102245 8 19414 19289.285714285714 25880.04340233008 0.9935760644012421
312 0.3416797172102245 8 19314 19477.428571428572 26132.470857696637 1.0084616636340775
313 0.3416797172102245 8 18903 19315.85714285714 25915.693749101665 1.0218408264750114
314 0.3416797172102245 8 18314 18873.0 25321.521302908568 1.0305230970841979
315 0.3416797172102245 8 18730 18229.428571428572 24458.054570618275 0.9732743497826253
316 0.3416797172102245 8 18973 18672.85714285714 25052.99369093549 0.9841805272153661
317 0.3416797172102245 8 18869 18960.714285714286 25439.20578096101 1.004860580089792
318 0.3416797172102245 8 19277 18812.714285714286 25240.637182813894 0.975915043093546
319 0.3416797172102245 8 19439 19257.428571428572 25837.301319910388 0.9906594254554542
320 0.3416797172102245 8 19398 19456.85714285714 26104.870589228307 1.0030341861458472
321 0.3416797172102245 8 19333 19468.714285714286 26120.779077303803 1.0070198254649712
322 0.3416797172102245 8 19398 19478.571428571428 26134.004205944875 1.0041535946268392
323 0.3416797172102245 8 19276 19493.428571428572 26153.937733172 1.0112797557288116
324 0.3416797172102245 8 19236 19319.285714285714 25920.293793846387 1.0043296794700414
325 0.3416797172102245 8 19357 19288.428571428572 25878.893391143905 0.996457538432018
326 0.3416797172102245 8 19096 19368.428571428572 25986.227768520723 1.0142662636902269
327 0.3416797172102245 8 19600 19047.0 25554.973573703148 0.9717857142857143
328 0.3416797172102245 8 19571 19628.85714285714 26335.639500588466 1.002956269115382
329 0.3416797172102245 8 19264 19605.0 26303.630855906453 1.0177014119601329
330 0.3416797172102245 8 19301 19244.85714285714 25820.43448917974 0.9970911943866713
331 0.3416797172102245 8 19573 19304.571428571428 25900.551935150295 0.9862857726751866
332 0.3416797172102245 8 19549 19621.14285714286 26325.28939991285 1.0036903604861045
333 0.3416797172102245 8 19612 19576.428571428572 26265.297149700447 0.9981862416596253
334 0.3416797172102245 8 19698 19685.714285714286 26411.92357593842 0.9993762963607619
335 0.3416797172102245 8 19170 19712.0 26447.190585647946 1.0282733437663014
336 0.3416797172102245 8 18926 19112.714285714286 25643.141097976964 1.0098654911610634
337 0.3416797172102245 8 19831 18877.714285714286 25327.84636443256 0.951929518718889
338 0.3416797172102245 8 19497 19906.714285714286 26708.43479344188 1.021014221968215
339 0.3416797172102245 8 19588 19486.14285714286 26144.16263808947 0.9948000233379037
340 0.3416797172102245 8 20230 19593.571428571428 26288.297373424048 0.9685403573193982
341 0.3416797172102245 8 20044 20318.285714285714 27260.631831339404 1.013684180517148
342 0.3416797172102245 8 19405 20093.428571428572 26958.945563498135 1.035476865314536
343 0.3416797172102245 8 19821 19438.571428571428 26080.337017256465 0.9807058891363416
344 0.3416797172102245 8 19993 19948.85714285714 26764.97701009574 0.9977920843723874
345 0.3416797172102245 8 20345 20016.14285714286 26855.25288821089 0.9838359723343749
346 0.3416797172102245 8 21052 20466.14285714286 27459.00876095549 0.972170950842811
347 0.3416797172102245 8 20897 21261.14285714286 28525.644136137616 1.017425604495519
348 0.3416797172102245 8 21665 20992.285714285714 28164.923960739095 0.9689492598331739
349 0.3416797172102245 8 21136 21896.571428571428 29378.185762159195 1.0359846436682167
350 0.3416797172102245 8 20330 21383.285714285714 28689.520730168293 1.0518094301173495
351 0.3416797172102245 8 20549 20402.714285714286 27373.907933178154 0.9928811273402252
352 0.3416797172102245 8 20397 20628.428571428572 27676.744212205605 1.011346206374887
353 0.3416797172102245 8 19760 20404.428571428572 27376.207955550515 1.0326127819548874
354 0.3416797172102245 8 19530 19575.428571428572 26263.955469983237 1.0023260917270134
355 0.3416797172102245 8 19437 19334.714285714286 25940.993995197634 0.9947375770805312
356 0.3416797172102245 8 18627 19118.714285714286 25651.191176280227 1.0263979323409183
357 0.3416797172102245 8 18855 18268.571428571428 24510.571748120503 0.968897980831155
358 0.3416797172102245 8 19080 18644.285714285714 25014.659984729486 0.9771638215034442
359 0.3416797172102245 8 18825 18870.14285714286 25317.687932287972 1.0023980269398598
360 0.3416797172102245 8 18736 18600.428571428572 24955.81774570327 0.9927641210198854
361 0.3416797172102245 8 18991 18589.714285714286 24941.442605876015 0.9788696901539827
362 0.3416797172102245 8 19729 18914.0 25376.53017131419 0.958690252927163
363 0.3416797172102245 8 19597 19770.714285714286 26525.96635190129 1.0088643305462206
364 0.3416797172102245 8 18742 19735.571428571428 26478.8158932679 1.0530130951110568
365 0.3416797172102245 8 19214 18725.85714285714 25124.102715947633 0.9745944177608589
366 0.3416797172102245 8 19019 19233.14285714286 25804.717669635284 1.011259417274455
367 0.3416797172102245 8 18984 19046.714285714286 25554.59023664109 1.0033035338029017
368 0.3416797172102245 8 18918 19019.428571428572 25517.981547214353 1.0053614849047772
369 0.3416797172102245 8 18970 18907.571428571428 25367.905087417836 0.9967090895398749
370 0.3416797172102245 8 18774 18861.571428571428 25306.187820426167 1.0046645056232784
371 0.3416797172102245 8 19216 18656.428571428572 25030.95180986704 0.9708799214939932
372 0.3416797172102245 8 18929 19283.714285714286 25872.568329619913 1.0187391983577732
373 0.3416797172102245 8 18683 18888.285714285714 25342.029835728783 1.0109878346242955
374 0.3416797172102245 8 18992 18635.0 25002.201530212536 0.9812026116259478
375 0.3416797172102245 8 18814 18993.14285714286 25482.714537504828 1.0095217846892133
376 0.3416797172102245 8 19150 18799.14285714286 25222.428672366044 0.9816784781797837
377 0.3416797172102245 8 18702 19175.714285714286 25727.66692016121 1.025329605695342
378 0.3416797172102245 8 18927 18691.714285714286 25078.29393703146 0.9875687792948848
379 0.3416797172102245 8 18990 18885.714285714286 25338.579802170243 0.9945083878733169
380 0.3416797172102245 8 19069 18998.714285714286 25490.189610215 0.9963141373807901
381 0.3416797172102245 8 18994 19124.14285714286 25658.474580459366 1.0068517877826082
382 0.3416797172102245 8 19335 18994.285714285714 25484.247885753066 0.9823783663969855
383 0.3416797172102245 8 19182 19409.428571428572 26041.23663692634 1.0118563534265756
384 0.3416797172102245 8 19166 19186.571428571428 25742.233728519488 1.0010733292586573
385 0.3416797172102245 8 19360 19232.285714285714 25803.567658449098 0.9934031877213695
386 0.3416797172102245 8 19598 19421.85714285714 26057.91179912595 0.9910122024113247
387 0.3416797172102245 8 19601 19684.85714285714 26410.77356475224 1.0042782073800898
388 0.3416797172102245 8 20142 19677.0 26400.23179554559 0.9769139112302652
389 0.3416797172102245 8 20368 20306.0 27244.14833767082 0.9969560094265515
390 0.3416797172102245 8 20249 20515.571428571428 27525.326072691878 1.0131646712712443
391 0.3416797172102245 8 20500 20401.428571428572 27372.182916398884 0.9951916376306621
392 0.3416797172102245 8 20476 20690.571428571428 27760.120023203664 1.0104791672480673
393 0.3416797172102245 8 20554 20635.428571428572 27686.135970226078 1.0039616897649397
394 0.3416797172102245 8 21181 20690.571428571428 27760.120023203664 0.9768458254365435
395 0.3416797172102245 8 20762 21406.714285714286 28720.95436925722 1.0310526098504136
396 0.3416797172102245 8 20106 20850.571428571428 27974.788777957303 1.0370323002373136
397 0.3416797172102245 8 20175 20068.571428571428 26925.595239098908 0.9947247300407152
398 0.3416797172102245 8 20389 20164.428571428572 27054.20482342006 0.988985657532423
399 0.3416797172102245 8 20776 20373.14285714286 27334.23254725494 0.9806094944716431
400 0.3416797172102245 8 20609 20818.85714285714 27932.238364068635 1.0101827911522705
401 0.3416797172102245 8 20176 20616.85714285714 27661.21906119217 1.021850572108304
402 0.3416797172102245 8 20007 20032.428571428572 26877.10310074831 1.001270983727124
403 0.3416797172102245 8 20223 19899.14285714286 26698.276361297292 0.9839857022767571
404 0.3416797172102245 8 20248 20239.714285714286 27155.214139272888 0.9995907885082125
405 0.3416797172102245 8 20511 20258.428571428572 27180.32271683782 0.9876860499940798
406 0.3416797172102245 8 20587 20528.428571428572 27542.57624048458 0.9971549313366965
407 0.3416797172102245 8 20373 20560.0 27584.934985842217 1.0091788150984147
408 0.3416797172102245 8 19325 20339.285714285714 27288.807105400818 1.0524856773239697
409 0.3416797172102245 8 18726 19203.428571428572 25764.850615181036 1.025495491371813
410 0.3416797172102245 8 18350 18543.0 24878.766996229195 1.0105177111716621
411 0.3416797172102245 8 18974 18082.428571428572 24260.827652188374 0.9530108870785586
412 0.3416797172102245 8 18735 18792.0 25212.84524581454 1.0030424339471578
413 0.3416797172102245 8 19275 18481.285714285714 24795.96619082422 0.9588215675375208
414 0.3416797172102245 8 19137 19087.571428571428 25609.407436515678 0.9974171201636322
415 0.3416797172102245 8 18742 18960.428571428572 25438.82244389895 1.0116544963946523
416 0.3416797172102245 8 19003 18658.714285714286 25034.01850636352 0.9818825598965577
417 0.3416797172102245 8 19533 19042.571428571428 25549.031849241215 0.9748923067921685
418 0.3416797172102245 8 19474 19702.0 26433.773788475846 1.0117079182499744
419 0.3416797172102245 8 19847 19545.428571428572 26223.70507846693 0.9848051882616301
420 0.3416797172102245 8 19955 20005.85714285714 26841.452753976722 1.002548591473673
421 0.3416797172102245 8 19860 20052.14285714286 26903.553358030455 1.0096748669256224
422 0.3416797172102245 8 19641 19963.285714285714 26784.335531729772 1.0164088241070064
423 0.3416797172102245 8 19708 19769.428571428572 26524.24133512202 1.003116935834614
424 0.3416797172102245 8 19713 19808.714285714286 26576.95018115528 1.0048553891195804
425 0.3416797172102245 8 19571 19738.714285714286 26483.032600950562 1.0085695307196507
426 0.3416797172102245 8 19013 19584.85714285714 26276.605593031218 1.0300771652478378
427 0.3416797172102245 8 19145 18893.85714285714 25349.50490843895 0.9868820654404357
428 0.3416797172102245 8 19633 19029.285714285714 25531.206675855425 0.9692500236482308
429 0.3416797172102245 8 19179 19600.571428571428 26297.68913144452 1.0219808868330689
430 0.3416797172102245 8 18992 19113.0 25643.524435039024 1.006371103622578
431 0.3416797172102245 8 18948 18889.714285714286 25343.946521039084 0.9969239120600742
432 0.3416797172102245 8 19093 18838.714285714286 25275.520855461364 0.9866817307764252
433 0.3416797172102245 8 18727 19024.714285714286 25525.073282862464 1.0158975962895438
434 0.3416797172102245 8 19167 18686.14285714286 25070.81886432129 0.9749122375511483
435 0.3416797172102245 8 19170 19170.14285714286 25720.19184745104 1.0000074521201283
436 0.3416797172102245 8 19170 19103.85714285714 25631.2576490531 0.9965496683806542
437 0.3416797172102245 8 18645 19168.714285714286 25718.275162140737 1.0280887254338582
438 0.3416797172102245 8 18486 18595.428571428572 24949.109347117217 1.0059195375651073
439 0.3416797172102245 8 19109 18420.0 24713.740391012336 0.9639436914542886
440 0.3416797172102245 8 18688 19111.285714285714 25641.224412666663 1.0226501345401173
441 0.3416797172102245 8 18650 18682.428571428572 25065.835482514507 1.001738797395634
442 0.3416797172102245 8 19032 18576.14285714286 24923.234095428164 0.9760478592445806
443 0.3416797172102245 8 18476 19012.285714285714 25508.39812066285 1.0290260724337363
444 0.3416797172102245 8 18635 18376.85714285714 24655.856494641266 0.9861474184522212
445 0.3416797172102245 8 19127 18633.571428571428 25000.284844902235 0.9742025110352605
446 0.3416797172102245 8 18399 19218.571428571428 25785.167479470216 1.0445443463542272
447 0.3416797172102245 8 18690 18297.571428571428 24549.4804599196 0.9790032867079416
448 0.3416797172102245 8 18667 18690.285714285714 25076.37725172116 1.001247426704115
449 0.3416797172102245 8 18445 18669.428571428572 25048.393646190776 1.012167447624211
450 0.3416797172102245 8 18560 18361.14285714286 24634.772956227967 0.9892857142857143
451 0.3416797172102245 8 18543 18572.0 24917.67570802829 1.0015639324812597
452 0.3416797172102245 8 18476 18529.85714285714 24861.13349137443 1.002914978504933
453 0.3416797172102245 8 18551 18383.0 24664.09824147556 0.9909438844267155
454 0.3416797172102245 8 18814 18572.714285714286 24918.634050683442 0.9871752038755335
455 0.3416797172102245 8 18594 18831.714285714286 25266.12909744089 1.012784461961616
456 0.3416797172102245 8 18418 18583.571428571428 24933.20085904172 1.0089896529792284
457 0.3416797172102245 8 18074 18414.14285714286 24705.88198124011 1.018819456520021
458 0.3416797172102245 8 17889 18004.571428571428 24156.368302777002 1.006460474513468
459 0.3416797172102245 8 17978 17795.571428571428 23875.957241880067 0.9898526770815123
460 0.3416797172102245 8 17785 17906.85714285714 24025.26702755246 1.006851680790393
461 0.3416797172102245 8 17511 17675.571428571428 23714.95567581484 1.0093981742088645
462 0.3416797172102245 8 17700 17324.85714285714 23244.409432136108 0.9788054882970136
463 0.3416797172102245 8 18006 17572.285714285714 23576.379327880128 0.9759127909744371
464 0.3416797172102245 8 17741 17947.14285714286 24079.31755330293 1.011619573707393
465 0.3416797172102245 8 18043 17693.428571428572 23738.914242193594 0.980625648252983
466 0.3416797172102245 8 19171 18065.0 24237.444091402707 0.9423086954253821
467 0.3416797172102245 8 18262 19341.428571428572 25950.002416156047 1.0591079055650297
468 0.3416797172102245 8 17402 18330.14285714286 24593.18088499445 1.0533354130067152
469 0.3416797172102245 8 18011 17386.428571428572 23327.018569010055 0.9653227789366816
470 0.3416797172102245 8 17134 18055.428571428572 24224.6022998237 1.0537777851890144
471 0.3416797172102245 8 17421 17009.428571428572 22821.205315621803 0.9763749825743971
472 0.3416797172102245 8 17526 17375.285714285714 23312.068423589713 0.9914005314553072
473 0.3416797172102245 8 17443 17452.14285714286 23415.18609328387 1.0005241562313167
474 0.3416797172102245 8 17787 17196.14285714286 23071.716085678054 0.966781517801926
475 0.3416797172102245 8 17347 17719.14285714286 23773.414577779004 1.0214528654604749
476 0.3416797172102245 8 17478 17339.14285714286 23263.576285239116 0.9920553185228779
477 0.3416797172102245 8 17441 17401.85714285714 23347.718770361298 0.9977556988049505
478 0.3416797172102245 8 17129 17484.85714285714 23459.078186889747 1.0207751265606364
479 0.3416797172102245 8 16874 17087.285714285714 22925.664665033168 1.012639902470411
480 0.3416797172102245 8 16841 16780.85714285714 22514.535665973748 0.9964287834960597
481 0.3416797172102245 8 16736 16755.0 22479.843661857314 1.001135277246654
482 0.3416797172102245 8 16659 16585.85714285714 22252.908121117754 0.9956094088995222
483 0.3416797172102245 8 16289 16560.714285714286 22219.17445965647 1.0166808450926568
484 0.3416797172102245 8 16579 16119.142857142857 21626.72703024264 0.9722626730890197
485 0.3416797172102245 8 16106 16455.85714285714 22078.489757880423 1.0217221621046282
486 0.3416797172102245 8 16250 15959.857142857143 21413.016618144156 0.982145054945055
487 0.3416797172102245 8 16356 16160.857142857143 21682.69424130341 0.988069035391119
488 0.3416797172102245 8 16309 16286.714285714286 21851.55421714087 0.9986335327557966
489 0.3416797172102245 8 16193 16248.0 21799.61204523173 1.0033965293645402
490 0.3416797172102245 8 16301 16126.42857142857 21636.502125325173 0.9892907534156536
491 0.3416797172102245 8 16551 16302.714285714286 21873.021092616233 0.9849987484571497
492 0.3416797172102245 8 16633 16547.0 22200.774280677586 0.9948295557025191
493 0.3416797172102245 8 16074 16708.285714285714 22417.16805221049 1.039460353010185
494 0.3416797172102245 8 16699 16048.857142857143 21532.426112975863 0.9610669586716056
495 0.3416797172102245 8 16305 16748.0 22470.45190383684 1.0271695798834712
496 0.3416797172102245 8 16412 16304.42857142857 21875.32111498859 0.9934455624804149
497 0.3416797172102245 8 16454 16443.285714285714 22061.622927149783 0.9993488339787112
498 0.3416797172102245 8 16649 16475.85714285714 22105.32335222463 0.9896004050007292
499 0.3416797172102245 8 16778 16663.0 22356.409127873972 0.9931457861485279
500 0.3416797172102245 8 16084 16798.714285714286 22538.494232352503 1.0444363520090951
501 0.3416797172102245 8 17119 16085.42857142857 21581.49325691955 0.9396243104987774
502 0.3416797172102245 8 16778 17179.0 23048.71586195445 1.0239003456907856
503 0.3416797172102245 8 17475 16845.571428571428 22601.36151053035 0.9639811976292663
504 0.3416797172102245 8 17932 17626.85714285714 23649.5967067336 0.9829833338644401
505 0.3416797172102245 8 17308 18143.14285714286 24342.286777876136 1.048251840602199
506 0.3416797172102245 8 17799 17402.14285714286 23348.10210742336 0.9777034022778167
507 0.3416797172102245 8 18029 17944.85714285714 24076.250856806448 0.9953329160162594
508 0.3416797172102245 8 17406 18306.85714285714 24561.93891443655 1.0517555522726152
509 0.3416797172102245 8 17475 17447.0 23408.28602616679 0.9983977110157368
510 0.3416797172102245 8 17719 17574.571428571428 23579.446024376604 0.9918489434263461
511 0.3416797172102245 8 18078 17753.85714285714 23819.990030819295 0.9820697611935579
512 0.3416797172102245 8 18329 18098.85714285714 24282.869533256824 0.9874437854142147
513 0.3416797172102245 8 17943 18474.85714285714 24787.341106927866 1.0296414837461485
514 0.3416797172102245 8 17654 17963.571428571428 24101.359434371385 1.0175354836621404
515 0.3416797172102245 8 17847 17600.428571428572 23614.138028493046 0.9861841525986761
516 0.3416797172102245 8 18182 17910.0 24029.483735235124 0.9850401495985041
517 0.3416797172102245 8 17423 18283.0 24529.930269754535 1.0493600413246857
518 0.3416797172102245 8 17394 17380.714285714286 23319.351827768856 0.9992361898191495
519 0.3416797172102245 8 17977 17296.285714285714 23206.075725930103 0.962134155547962
520 0.3416797172102245 8 17495 17926.714285714286 24051.908953365637 1.0246764381660067
521 0.3416797172102245 8 17810 17431.0 23386.819150691426 0.9787198203256597
522 0.3416797172102245 8 17803 17832.285714285714 23925.216054354783 1.0016449876024105
523 0.3416797172102245 8 17658 17796.714285714286 23877.49059012831 1.007855605714933
524 0.3416797172102245 8 17650 17583.14285714286 23590.94613623841 0.9962120598947796
525 0.3416797172102245 8 17852 17682.428571428572 23724.155765304284 0.9905012643641369
526 0.3416797172102245 8 18057 17917.428571428572 24039.450498848684 0.9922705084692126
527 0.3416797172102245 8 18009 18068.428571428572 24242.04413614743 1.003299937332921
528 0.3416797172102245 8 17653 18082.428571428572 24260.827652188374 1.0243260959286564
529 0.3416797172102245 8 17612 17630.571428571428 23654.580088540377 1.0010544758443918
530 0.3416797172102245 8 17946 17584.714285714286 23593.05449007974 0.9798681759564408
531 0.3416797172102245 8 18444 17987.14285714286 24132.984741991342 0.9752300399665397
532 0.3416797172102245 8 18262 18557.428571428572 24898.12551786323 1.0161772298449552
533 0.3416797172102245 8 18031 18320.571428571428 24580.339093415434 1.0160596433127074
534 0.3416797172102245 8 17810 18027.285714285714 24186.843599210777 1.0122002085505735
535 0.3416797172102245 8 17606 17781.571428571428 23857.173725839122 1.009972249720063
536 0.3416797172102245 8 18597 17599.285714285714 23612.604680244804 0.9463507939068513
537 0.3416797172102245 8 17469 18737.714285714286 25140.01120402313 1.072626612039286
538 0.3416797172102245 8 18074 17400.85714285714 23346.377090644088 0.9627562876428649
539 0.3416797172102245 8 18387 18021.14285714286 24178.60185237649 0.9801024015414619
540 0.3416797172102245 8 18384 18404.85714285714 24693.423526723152 1.0011345269178167
541 0.3416797172102245 8 17900 18434.428571428572 24733.098912646372 1.029856344772546
542 0.3416797172102245 8 17689 17912.85714285714 24033.31710585572 1.0126551609959376
543 0.3416797172102245 8 17687 17700.85714285714 23748.881005807154 1.0007834648531204
544 0.3416797172102245 8 17532 17557.0 23555.870795059913 1.0014259639516312
545 0.3416797172102245 8 17475 17541.0 23534.40391958455 1.0037768240343348
546 0.3416797172102245 8 17734 17389.428571428572 23331.043608161686 0.9805700107944385
547 0.3416797172102245 8 17435 17640.714285714286 23668.188554243512 1.011798926625425
548 0.3416797172102245 8 17684 17299.428571428572 23210.292433612765 0.9782531424693832
549 0.3416797172102245 8 17410 17653.14285714286 23684.863716443127 1.0139657011569707
550 0.3416797172102245 8 17480 17370.14285714286 23305.168356472634 0.993715266426937
551 0.3416797172102245 8 17439 17450.428571428572 23412.88607091151 1.000655345571912
552 0.3416797172102245 8 17967 17425.714285714286 23379.727415043315 0.9698733392171363
553 0.3416797172102245 8 17782 18037.285714285714 24200.26039638288 1.0143564117807735
554 0.3416797172102245 8 17915 17788.85714285714 23866.948820921654 0.9929588134444399
555 0.3416797172102245 8 17967 17983.571428571428 24128.19302871559 1.0009223258513624
556 0.3416797172102245 8 18180 18007.428571428572 24160.201673397605 0.9905076221907906
557 0.3416797172102245 8 18298 18290.0 24539.322027775008 0.9995627937479507
558 0.3416797172102245 8 18003 18414.85714285714 24706.840323895252 1.022877139524365
559 0.3416797172102245 8 17609 18083.571428571428 24262.36100043661 1.0269505042064528
560 0.3416797172102245 8 17983 17557.85714285714 23557.02080624609 0.9763586244151221
561 0.3416797172102245 8 17815 18011.714285714286 24165.951729328506 1.0110420592598532
562 0.3416797172102245 8 18197 17800.714285714286 23882.85730899715 0.9782224699518759
563 0.3416797172102245 8 17884 18229.85714285714 24458.629576211362 1.0193389142729334
564 0.3416797172102245 8 17879 17841.714285714286 23937.866177402768 0.9979145525876327
565 0.3416797172102245 8 18032 17819.14285714286 23907.582549500024 0.9881955887945241
566 0.3416797172102245 8 17951 18036.14285714286 24198.727048134642 1.0047430704218627
567 0.3416797172102245 8 18617 17999.85714285714 24150.04324125301 0.96685057435984
568 0.3416797172102245 8 18290 18707.571428571428 25099.56914397579 1.02283058658127
569 0.3416797172102245 8 18300 18357.85714285714 24630.36458001427 1.0031615925058548
570 0.3416797172102245 8 18884 18314.714285714286 24572.480683643204 0.969853541925137
571 0.3416797172102245 8 18805 19026.85714285714 25527.948310827913 1.0117977741482127
572 0.3416797172102245 8 18718 18937.285714285714 25407.772141872083 1.0117152320913407
573 0.3416797172102245 8 18631 18816.0 25245.045559027585 1.009929687080672
574 0.3416797172102245 8 18542 18728.14285714286 25127.16941244412 1.0100389848529208
575 0.3416797172102245 8 18769 18531.285714285714 24863.05017668473 0.9873347388931597
576 0.3416797172102245 8 18557 18837.428571428572 25273.795838682094 1.0151117406600514
577 0.3416797172102245 8 18621 18593.714285714286 24946.809324744856 0.9985346805066476
578 0.3416797172102245 8 19005 18583.428571428572 24933.009190510696 0.9778178674784832
579 0.3416797172102245 8 18748 19033.571428571428 25536.956731786322 1.0152321009479106
580 0.3416797172102245 8 18707 18752.285714285714 25159.561394188193 1.0024207897731177
581 0.3416797172102245 8 19113 18717.85714285714 25113.369278209953 0.9793259636298405
582 0.3416797172102245 8 19001 19194.571428571428 25752.96716625717 1.0101874337440886
583 0.3416797172102245 8 18823 19034.14285714286 25537.72340591045 1.011217279771708
584 0.3416797172102245 8 19155 18861.0 25305.421146302047 0.9846515270164448
585 0.3416797172102245 8 18671 19231.285714285714 25802.225978731887 1.0300083399006863
586 0.3416797172102245 8 19141 18623.285714285714 24986.48471066807 0.9729525998790928
587 0.3416797172102245 8 18770 19197.14285714286 25756.417199815714 1.022756678590456
588 0.3416797172102245 8 19065 18779.0 25195.40340949081 0.9849986886965644
589 0.3416797172102245 8 19467 19058.14285714286 25569.923719123493 0.9789974242124034
590 0.3416797172102245 8 19234 19533.571428571428 26207.796590391437 1.0155750976693059
591 0.3416797172102245 8 19284 19292.714285714286 25884.643447074803 1.0004518920200314
592 0.3416797172102245 8 19496 19302.428571428572 25897.676907184847 0.9900712234011373
593 0.3416797172102245 8 19583 19613.85714285714 26315.514304830314 1.0015757107111853
594 0.3416797172102245 8 19451 19646.14285714286 26358.831392843105 1.010032535969506
595 0.3416797172102245 8 18926 19548.285714285714 26227.53844908753 1.0328799384067269
596 0.3416797172102245 8 20018 18906.14285714286 25365.988402107538 0.944457131438848
597 0.3416797172102245 8 19640 20096.714285714286 26963.353939711826 1.023254291533314
598 0.3416797172102245 8 19136 19698.0 26428.407069607005 1.02936872909699
599 0.3416797172102245 8 19248 19114.85714285714 25646.016125942413 0.9930827692673079
600 0.3416797172102245 8 19312 19212.571428571428 25777.117401166954 0.9948514617114451
601 0.3416797172102245 8 18601 19273.285714285714 25858.57652685472 1.0361424500986889
602 0.3416797172102245 8 19720 18479.571428571428 24793.66616845186 0.937097942625326
603 0.3416797172102245 8 19221 19833.428571428572 26610.108837023476 1.0318624718499856
604 0.3416797172102245 8 19847 19107.14285714286 25635.666025266793 0.9627219658962493
605 0.3416797172102245 8 19378 19876.571428571428 26667.99273339454 1.0257287350898663
606 0.3416797172102245 8 19238 19412.571428571428 26045.453344609 1.0090743023480313
607 0.3416797172102245 8 19162 19236.571428571428 25809.31771438 1.0038916307573023
608 0.3416797172102245 8 19024 19140.571428571428 25680.51646152782 1.006127598221795
609 0.3416797172102245 8 18417 19084.428571428572 25605.19072883302 1.0362398094927823
610 0.3416797172102245 8 18996 18230.85714285714 24459.971255928573 0.9597208434858465
611 0.3416797172102245 8 18434 18963.85714285714 25443.422488643668 1.028743470915544
612 0.3416797172102245 8 18409 18232.14285714286 24461.696272707846 0.9903928978837991
613 0.3416797172102245 8 19125 18270.571428571428 24513.255107554924 0.9553239962651727
614 0.3416797172102245 8 19319 19108.85714285714 25637.96604763915 0.9891224775017932
615 0.3416797172102245 8 19564 19341.428571428572 25950.002416156047 0.9886234191079827
616 0.3416797172102245 8 18900 19641.14285714286 26352.122994257054 1.0392139077853364
617 0.3416797172102245 8 18909 18969.0 25450.32255576075 1.0031730921783277
618 0.3416797172102245 8 17851 18896.571428571428 25353.14661052852 1.0585721488191937
619 0.3416797172102245 8 17826 17767.714285714286 23838.581878329212 0.9967302976390826
620 0.3416797172102245 8 17252 17742.714285714286 23805.039885398957 1.0284439071246398
621 0.3416797172102245 8 16971 16984.428571428572 22787.663322691547 1.0007912657727047
622 0.3416797172102245 8 17107 16635.571428571428 22319.608769916205 0.9724423586000718
623 0.3416797172102245 8 18015 16756.0 22481.185341574525 0.9301137940605051
624 0.3416797172102245 8 17161 17888.571428571428 24000.733455580616 1.0423967967234675
625 0.3416797172102245 8 17467 16911.285714285714 22689.529034804167 0.9681849037777359
626 0.3416797172102245 8 17803 17412.14285714286 23361.51890459546 0.9780454337551457
627 0.3416797172102245 8 17778 17799.714285714286 23881.51562927994 1.0012214133037622
628 0.3416797172102245 8 17728 17853.14285714286 23953.199659885173 1.0070590510572461
629 0.3416797172102245 8 18697 17836.14285714286 23930.391104692597 0.95395747216895
630 0.3416797172102245 8 18355 18924.14285714286 25390.138637017324 1.0310075106043508
631 0.3416797172102245 8 17374 18403.571428571428 24691.698509943883 1.0592593201664227
632 0.3416797172102245 8 17738 17404.428571428572 23351.16880391984 0.9811945299035163
633 0.3416797172102245 8 17500 17776.714285714286 23850.656995784102 1.0158122448979592
634 0.3416797172102245 8 18046 17456.714285714286 23421.319486276832 0.9673453555200203
635 0.3416797172102245 8 17994 18084.285714285714 24263.31934309176 1.00501754553105
636 0.3416797172102245 8 17699 18032.0 24193.16866073477 1.018814622295045
637 0.3416797172102245 8 18189 17556.428571428572 23555.104120935794 0.9652223086166679
638 0.3416797172102245 8 17878 18165.285714285714 24371.995400185788 1.0160692311380308
639 0.3416797172102245 8 17807 17950.0 24083.15092392353 1.008030549783793
640 0.3416797172102245 8 18138 17816.85714285714 23904.51585300354 0.9822944725359544
641 0.3416797172102245 8 17569 18229.14285714286 24457.671233556215 1.0375742988868382
642 0.3416797172102245 8 18108 17500.85714285714 23480.54506236511 0.9664710151787685
643 0.3416797172102245 8 18110 18124.285714285714 24316.98653178017 1.0007888301648655
644 0.3416797172102245 8 18440 18168.714285714286 24376.59544493051 0.9852881933684537
645 0.3416797172102245 8 19129 18475.85714285714 24788.682786645077 0.9658558807494977
646 0.3416797172102245 8 18544 19307.714285714286 25904.768642832958 1.041183902378898
647 0.3416797172102245 8 18601 18649.285714285714 25021.368383315537 1.0025958665816739
648 0.3416797172102245 8 18586 18667.14285714286 25045.326949694296 1.0043658052912332
649 0.3416797172102245 8 18776 18731.285714285714 25131.386120126775 0.9976185403859029
650 0.3416797172102245 8 18630 18871.428571428572 25319.41294906724 1.012959128901158
651 0.3416797172102245 8 18603 18704.285714285714 25095.1607677621 1.0054445903502507
652 0.3416797172102245 8 18305 18626.285714285714 24990.509749819703 1.0175518008350568
653 0.3416797172102245 8 18156 18187.285714285714 24401.512353964416 1.0017231611745823
654 0.3416797172102245 8 18631 18100.571428571428 24285.169555629185 0.971529785227386
655 0.3416797172102245 8 18170 18635.285714285714 25002.584867274596 1.0256073590691093
656 0.3416797172102245 8 18314 18110.571428571428 24298.586352801285 0.9888921824053417
657 0.3416797172102245 8 18628 18248.0 24482.97147965218 0.979600601245437
658 0.3416797172102245 8 18430 18627.714285714286 24992.426435130004 1.0107278505542205
659 0.3416797172102245 8 17756 18405.285714285714 24693.998532316244 1.03656711614585
660 0.3416797172102245 8 17342 17677.571428571428 23717.63903524926 1.0193502150023888
661 0.3416797172102245 8 17472 17225.714285714286 23111.39147160127 0.9859039769754055
662 0.3416797172102245 8 17575 17306.428571428572 23219.684191633238 0.9847185531396059
663 0.3416797172102245 8 17389 17490.0 23465.97825400683 1.0058082695957213
664 0.3416797172102245 8 17388 17256.85714285714 23153.175211365815 0.9924578527062998
665 0.3416797172102245 8 18082 17210.85714285714 23091.457944374142 0.9518226492012577
666 0.3416797172102245 8 17451 18032.285714285714 24193.55199779683 1.0333095933921101
667 0.3416797172102245 8 17440 17407.428571428572 23355.193843071473 0.9981323722149411
668 0.3416797172102245 8 17854 17454.0 23417.67778418726 0.9775960569060155
669 0.3416797172102245 8 16985 17908.571428571428 24027.567049924823 1.0543757096597839
670 0.3416797172102245 8 18024 16900.714285714286 22675.345563507948 0.937678333650371
671 0.3416797172102245 8 19622 18114.714285714286 24304.144740201158 0.9231838898029908
672 0.3416797172102245 8 19607 19941.14285714286 26754.62690942012 1.0170420185210822
673 0.3416797172102245 8 19530 19824.85714285714 26598.60872516167 1.0150976519640114
674 0.3416797172102245 8 18683 19827.0 26601.483753127122 1.0612321361665686
675 0.3416797172102245 8 17417 18860.571428571428 25304.846140708956 1.082882897661562
676 0.3416797172102245 8 17518 17354.571428571428 23284.276486590355 0.990670820217572
677 0.3416797172102245 8 17458 17594.14285714286 23605.704613127724 1.0077983077753958
678 0.3416797172102245 8 17766 17377.14285714286 23314.560114493106 0.9781122851031666
679 0.3416797172102245 8 17538 17500.85714285714 23480.54506236511 0.9978821497808839
680 0.3416797172102245 8 17570 17242.428571428572 23133.816689731782 0.9813562078217742
681 0.3416797172102245 8 17466 17290.0 23197.642310564785 0.9899232795144853
682 0.3416797172102245 8 17848 17292.14285714286 23200.517338530237 0.9688560542998016
683 0.3416797172102245 8 17780 17909.571428571428 24028.908729642033 1.0072874819219026
684 0.3416797172102245 8 17920 17817.428571428572 23905.282527127663 0.9942761479591837
685 0.3416797172102245 8 17751 17986.0 24131.4513937431 1.0132386907779842
686 0.3416797172102245 8 18180 17748.85714285714 23813.281632233244 0.9762847713342762
687 0.3416797172102245 8 17525 18271.714285714286 24514.788455803166 1.0426085184430405
688 0.3416797172102245 8 17800 17518.571428571428 23504.31196021283 0.9841894060995184
689 0.3416797172102245 8 17889 17847.714285714286 23945.91625570603 0.9976921172628032
690 0.3416797172102245 8 18149 17894.85714285714 24009.166870945937 0.9859968672024432
691 0.3416797172102245 8 17782 18201.714285714286 24420.870875598448 1.0236033227822678
692 0.3416797172102245 8 17690 17762.285714285714 23831.29847415007 1.0040862472744891
693 0.3416797172102245 8 17840 17681.285714285714 23722.62241705604 0.9911034593209481
694 0.3416797172102245 8 17513 17791.428571428572 23870.398854480198 1.015898393846204
695 0.3416797172102245 8 17784 17511.285714285714 23494.536865130303 0.984665188612557
696 0.3416797172102245 8 18217 17781.714285714286 23857.365394370154 0.976105521530125
697 0.3416797172102245 8 18315 18263.85714285714 24504.24668659651 0.9972075972075971
698 0.3416797172102245 8 18493 18338.714285714286 24604.68099685625 0.991657074877753
699 0.3416797172102245 8 17878 18594.571428571428 24947.959335931035 1.0400811851757148
700 0.3416797172102245 8 18215 17904.85714285714 24022.58366811804 0.9829732167365984
701 0.3416797172102245 8 18274 18268.571428571428 24510.571748120503 0.9997029346925373
702 0.3416797172102245 8 18473 18382.714285714286 24663.7149044135 0.9951125580963723
703 0.3416797172102245 8 18525 18571.428571428572 24916.909033904172 1.0025062656641606
704 0.3416797172102245 8 18457 18569.0 24913.65066887666 1.0060681584222788
705 0.3416797172102245 8 18329 18477.285714285714 24790.59947195538 1.0080902239230571
706 0.3416797172102245 8 18866 18305.571428571428 24560.21389765728 0.9702942557283699
707 0.3416797172102245 8 18623 19007.14285714286 25501.498053545773 1.0206273348624206
708 0.3416797172102245 8 18874 18681.285714285714 25064.302134266265 0.9897894306604702
709 0.3416797172102245 8 17407 18959.714285714286 25437.8641012438 1.0892005679160273
710 0.3416797172102245 8 17212 17254.714285714286 23150.300183400366 1.0024816573154942
711 0.3416797172102245 8 17380 17024.428571428572 22841.330511379954 0.9795413447312182
712 0.3416797172102245 8 17604 17226.14285714286 23111.96647719436 0.9785357224007531
713 0.3416797172102245 8 17506 17500.428571428572 23479.97005677202 0.9996817417701687
714 0.3416797172102245 8 17468 17311.714285714286 23226.77592728135 0.9910530275769571
715 0.3416797172102245 8 17482 17303.0 23215.084146888516 0.9897608969225489
716 0.3416797172102245 8 17343 17283.14285714286 23188.442221075344 0.9965486281002629
717 0.3416797172102245 8 17328 17333.85714285714 23256.484549591 1.0003380160928637
718 0.3416797172102245 8 17570 17344.571428571428 23270.859689418256 0.9871696885925685
719 0.3416797172102245 8 17495 17597.14285714286 23609.729652279355 1.005838402808966
720 0.3416797172102245 8 17397 17479.428571428572 23451.794782710607 1.0047380911322972
721 0.3416797172102245 8 18405 17381.428571428572 23320.310170424007 0.9443862304498002
722 0.3416797172102245 8 17288 18538.85714285714 24873.20860882932 1.0723540688834534
723 0.3416797172102245 8 17036 17260.285714285714 23157.775256110537 1.0131653976453225
724 0.3416797172102245 8 17256 16992.14285714286 22798.013423367167 0.9847092522683623
725 0.3416797172102245 8 17251 17245.714285714286 23138.225065945473 0.9996935995428837
726 0.3416797172102245 8 17210 17205.428571428572 23084.174540195007 0.9997343737029967
727 0.3416797172102245 8 17189 17169.285714285714 23035.682401844406 0.9988530871072031
728 0.3416797172102245 8 17115 17159.285714285714 23022.265604672302 1.0025875380827176
729 0.3416797172102245 8 17521 16930.714285714286 22715.595955024255 0.9663098159759309
730 0.3416797172102245 8 18238 17554.285714285714 23552.22909297034 0.9625115535851362
731 0.3416797172102245 8 17583 18409.714285714286 24699.940256778176 1.0470178175347942
732 0.3416797172102245 8 17960 17629.714285714286 23653.4300773542 0.9816099268215082
733 0.3416797172102245 8 17787 18061.285714285714 24232.460709595925 1.0154205720068428
734 0.3416797172102245 8 18228 17869.428571428572 23975.049872422594 0.9803285369447319
735 0.3416797172102245 8 18264 18376.428571428572 24655.28148904818 1.006155747450097
736 0.3416797172102245 8 18255 18428.14285714286 24724.66549728105 1.0094846813006222
737 0.3416797172102245 8 17909 18359.85714285714 24633.04793944869 1.0251748921133028
738 0.3416797172102245 8 17411 17862.0 23965.08310880903 1.0259031646660157
739 0.3416797172102245 8 17813 17386.428571428572 23327.018569010055 0.9760528025278489
740 0.3416797172102245 8 18379 17792.0 23871.165528604317 0.9680613743946896
741 0.3416797172102245 8 18457 18463.571428571428 24772.199292976497 1.0003560399074296
742 0.3416797172102245 8 18234 18489.714285714286 24807.274634154994 1.014024036728874
743 0.3416797172102245 8 17764 18229.714285714286 24458.437907680334 1.026216746550005
744 0.3416797172102245 8 17811 17693.85714285714 23739.48924778668 0.9934230050450363
745 0.3416797172102245 8 17322 17797.0 23877.87392719037 1.0274217757764692
746 0.3416797172102245 8 17466 17309.285714285714 23223.517562253837 0.991027465606648
747 0.3416797172102245 8 17552 17416.428571428572 23367.268960526362 0.9922760125016279
748 0.3416797172102245 8 17153 17433.85714285714 23390.652521312022 1.0163736455930241
749 0.3416797172102245 8 17791 16966.714285714286 22763.89642484382 0.9536683877080707
750 0.3416797172102245 8 17722 17727.714285714286 23784.914689640802 1.000322440227643
751 0.3416797172102245 8 17402 17716.0 23769.19787009634 1.0180439029996553
752 0.3416797172102245 8 18572 17343.571428571428 23269.518009701045 0.9338558813574966
753 0.3416797172102245 8 17657 18750.571428571428 25157.26137181583 1.06193415804335
754 0.3416797172102245 8 17554 17684.285714285714 23726.647456207673 1.007421995800713
755 0.3416797172102245 8 17433 17554.285714285714 23552.22909297034 1.0069572485679867
756 0.3416797172102245 8 17294 17473.0 23443.169698814254 1.0103504105470105
757 0.3416797172102245 8 16943 17223.0 23107.749769511698 1.0165259989376143
758 0.3416797172102245 8 16953 16831.714285714286 22582.76966302044 0.9928457668680638
759 0.3416797172102245 8 16651 16888.85714285714 22659.437075432452 1.0142848563363847
760 0.3416797172102245 8 17100 16376.57142857143 21972.11372315876 0.9576942355889725
761 0.3416797172102245 8 17415 17020.428571428572 22835.963792511113 0.9773430130019278
762 0.3416797172102245 8 17042 17395.14285714286 23338.71034940289 1.020721913926937
763 0.3416797172102245 8 17464 16986.14285714286 22789.96334506391 0.972637589163013
764 0.3416797172102245 8 17776 17488.285714285714 23463.67823163447 0.9838144528738588
765 0.3416797172102245 8 17421 17895.0 24009.35853947697 1.027208541415533
766 0.3416797172102245 8 17530 17487.85714285714 23463.103226041378 0.9975959579496373
767 0.3416797172102245 8 17157 17655.571428571428 23688.122081470636 1.0290593593618598
768 0.3416797172102245 8 17319 17165.14285714286 23030.124014444536 0.9911162802207321
769 0.3416797172102245 8 17346 17305.285714285714 23218.150843384996 0.9976528141522952
770 0.3416797172102245 8 17477 17389.428571428572 23331.043608161686 0.9949893329191837
771 0.3416797172102245 8 17471 17478.85714285714 23451.028108586484 1.0004497248501598
772 0.3416797172102245 8 16944 17427.428571428572 23382.027437415676 1.02853095912586
773 0.3416797172102245 8 17229 16875.85714285714 22641.995239108717 0.9795029974378746
774 0.3416797172102245 8 18251 17186.0 23058.10761997492 0.9416470330392855
775 0.3416797172102245 8 17312 18407.285714285714 24696.681891750664 1.063267428043306
776 0.3416797172102245 8 16794 17311.0 23225.8175846262 1.0307848040967011
777 0.3416797172102245 8 16961 16715.14285714286 22426.368141699935 0.9855045608833712
778 0.3416797172102245 8 17211 16887.285714285714 22657.328721591122 0.9811914307295168
779 0.3416797172102245 8 17141 17173.85714285714 23041.815794837366 1.0019168743280522
780 0.3416797172102245 8 17345 17169.14285714286 23035.490733313378 0.9898612197833876
781 0.3416797172102245 8 17487 17361.571428571428 23293.668244610828 0.99282732478821
782 0.3416797172102245 8 17139 17377.85714285714 23315.51845714825 1.013936469038867
783 0.3416797172102245 8 17930 17114.285714285714 22961.890017397844 0.9545056170823042
784 0.3416797172102245 8 17340 18092.285714285714 24274.052780829443 1.0433844125885647
785 0.3416797172102245 8 17340 17394.14285714286 23337.36866968568 1.0031224254407647
786 0.3416797172102245 8 17499 17358.428571428572 23289.45153692817 0.9919668879037986
787 0.3416797172102245 8 17971 17550.14285714286 23546.670705570476 0.9765813175194957
788 0.3416797172102245 8 17811 18060.428571428572 24231.310698409747 1.0140041868187397
789 0.3416797172102245 8 17966 17857.285714285714 23958.75804728504 0.9939488875813043
790 0.3416797172102245 8 17780 18084.14285714286 24263.127674560736 1.0171058974771012
791 0.3416797172102245 8 17882 17758.571428571428 23826.315092343288 0.9930976081294837
792 0.3416797172102245 8 18327 17959.428571428572 24095.801046971515 0.979943720817841
793 0.3416797172102245 8 18101 18468.0 24778.14101743843 1.0202751229213856
794 0.3416797172102245 8 18018 18187.0 24401.129016902356 1.0093795093795095
795 0.3416797172102245 8 18255 18024.714285714286 24183.39356565224 0.987385060844387
796 0.3416797172102245 8 17966 18318.428571428572 24577.464065449985 1.0196164183139582
797 0.3416797172102245 8 18042 17966.0 24104.617799398897 0.9957876066954883
798 0.3416797172102245 8 17940 18079.428571428572 24256.802613036743 1.007771938206721
799 0.3416797172102245 8 17767 17948.285714285714 24080.85090155117 1.010203507304875
800 0.3416797172102245 8 17964 17687.0 23730.289158297244 0.98458027165442
801 0.3416797172102245 8 17620 17944.428571428572 24075.67585121336 1.0184125182422572
802 0.3416797172102245 8 17727 17563.14285714286 23564.112541894207 0.9907566343511512
803 0.3416797172102245 8 17599 17651.571428571428 23682.755362601794 1.0029871827133034
804 0.3416797172102245 8 17819 17546.571428571428 23541.878992294718 0.9847113434295655
805 0.3416797172102245 8 17946 17787.14285714286 23864.648798549297 0.9911480473165529
806 0.3416797172102245 8 17802 17946.85714285714 24078.93421624087 1.008137127449564
807 0.3416797172102245 8 17907 17807.0 23891.29072436247 0.9944155916680628
808 0.3416797172102245 8 17877 17898.85714285714 24014.53358981478 1.0012226404238487
809 0.3416797172102245 8 17543 17913.714285714286 24034.467117041906 1.0211317497414516
810 0.3416797172102245 8 17828 17516.714285714286 23501.820269309446 0.9825395044712972
811 0.3416797172102245 8 17715 17860.714285714286 23963.35809202976 1.0082254747792427
812 0.3416797172102245 8 17235 17700.14285714286 23747.922663152007 1.0269882713746945
813 0.3416797172102245 8 17529 17133.428571428572 22987.57360055587 0.9774333145888854
814 0.3416797172102245 8 17335 17490.0 23465.97825400683 1.0089414479376984
815 0.3416797172102245 8 17507 17253.285714285714 23148.383498090065 0.985507837681254
816 0.3416797172102245 8 17408 17454.14285714286 23417.869452718292 1.0026506696428572
817 0.3416797172102245 8 17057 17388.714285714286 23330.085265506536 1.0194473990569435
818 0.3416797172102245 8 17715 16946.85714285714 22737.254499030645 0.9566388452078545
819 0.3416797172102245 8 17629 17715.0 23767.85619037913 1.0048783254864144
820 0.3416797172102245 8 17397 17685.285714285714 23727.989135924883 1.0165710015684148
821 0.3416797172102245 8 17270 17378.14285714286 23315.901794210316 1.006261890975267
822 0.3416797172102245 8 17289 17260.714285714286 23158.35026170363 0.998363947348851
823 0.3416797172102245 8 17330 17257.85714285714 23154.516891083025 0.9958371115324375
824 0.3416797172102245 8 17594 17318.85714285714 23236.35935383285 0.9843615518277334
825 0.3416797172102245 8 17386 17670.714285714286 23708.43894575982 1.0163760661287407
826 0.3416797172102245 8 17409 17339.0 23263.384616708085 0.995979091274628
827 0.3416797172102245 8 17410 17377.571428571428 23315.13512008619 0.9981373594814146
828 0.3416797172102245 8 17089 17411.85714285714 23361.135567533398 1.01889268786103
829 0.3416797172102245 8 17342 17063.14285714286 22893.272683289095 0.983920127848164
830 0.3416797172102245 8 17332 17349.571428571428 23277.568088004304 1.0010138142494478
831 0.3416797172102245 8 17658 17332.285714285714 23254.37619574967 0.981554293480899
832 0.3416797172102245 8 17056 17667.14285714286 23703.64723248407 1.0358315465022783
833 0.3416797172102245 8 17010 17008.85714285714 22820.43864149768 0.9999328126312252
834 0.3416797172102245 8 17354 16953.0 22745.49624586494 0.9768929353463178
835 0.3416797172102245 8 17605 17346.0 23272.776374728557 0.9852882703777336
836 0.3416797172102245 8 17305 17678.714285714286 23719.172383497502 1.0215957402897593
837 0.3416797172102245 8 17776 17299.714285714286 23210.675770674825 0.9732062491963482
838 0.3416797172102245 8 17883 17839.428571428572 23934.799480906287 0.9975635280114395
839 0.3416797172102245 8 18823 17915.14285714286 24036.383802352208 0.9517687327813238
840 0.3416797172102245 8 17449 19075.428571428572 25593.115611378125 1.0932104172977577
841 0.3416797172102245 8 17094 17511.714285714286 23495.111870723395 1.024436310150596
842 0.3416797172102245 8 16889 17056.85714285714 22884.83926792377 1.0099388443873019
843 0.3416797172102245 8 17085 16786.714285714286 22522.394075745982 0.9825410761319453
844 0.3416797172102245 8 17337 17053.571428571428 22880.43089171008 0.9836518099193302
845 0.3416797172102245 8 17282 17274.285714285714 23176.55877215148 0.9995536230925653
846 0.3416797172102245 8 17540 17196.14285714286 23071.716085678054 0.9803958299397297
847 0.3416797172102245 8 17269 17356.714285714286 23287.151514555808 1.0050792915463713
848 0.3416797172102245 8 17257 17243.285714285714 23134.96670091796 0.9992052914345317
849 0.3416797172102245 8 17462 17280.285714285714 23184.60885045474 0.9895937300587397
850 0.3416797172102245 8 17062 17543.85714285714 23538.23729020515 1.0282415392601771
851 0.3416797172102245 8 17544 17058.714285714286 22887.330958827162 0.9723389355742297
852 0.3416797172102245 8 17504 17573.571428571428 23578.104344659398 1.0039746017236877
853 0.3416797172102245 8 17509 17535.714285714286 23527.31218393644 1.0015257459429028
854 0.3416797172102245 8 18403 17504.571428571428 23485.52844417189 0.9511803199788854
855 0.3416797172102245 8 17702 18565.0 24908.28395000782 1.04875155349678
856 0.3416797172102245 8 18195 17765.571428571428 23835.70685036376 0.9763985396301966
857 0.3416797172102245 8 17639 18299.714285714286 24552.355487885052 1.037457581819507
858 0.3416797172102245 8 17861 17721.428571428572 23776.48127427548 0.9921856878914155
859 0.3416797172102245 8 18655 17906.285714285714 24024.500353428342 0.9598652218861278
860 0.3416797172102245 8 17626 18819.428571428572 25249.645603772307 1.0677084177594787
861 0.3416797172102245 8 18053 17642.714285714286 23670.871913677933 0.977273266809632
862 0.3416797172102245 8 18011 18003.0 24154.259948935673 0.9995558269946144
863 0.3416797172102245 8 17449 18055.14285714286 24224.21896276164 1.0347379710667006
864 0.3416797172102245 8 17514 17342.428571428572 23267.984661452807 0.9902037553630566
865 0.3416797172102245 8 18199 17496.14285714286 23474.220000841124 0.9613793536536546
866 0.3416797172102245 8 17710 18247.285714285714 24482.01313699703 1.03033798499637
867 0.3416797172102245 8 17129 17575.0 23580.0210299697 1.02603771381867
868 0.3416797172102245 8 17522 17058.0 22886.37261617201 0.9735190046798311
869 0.3416797172102245 8 17422 17446.14285714286 23407.13601498061 1.0013857684044805
870 0.3416797172102245 8 18043 17337.85714285714 23261.851268459843 0.9609187575711988
871 0.3416797172102245 8 17475 18127.85714285714 24321.77824505592 1.0373594931534844
872 0.3416797172102245 8 17723 17469.428571428572 23438.377985538504 0.985692522226969
873 0.3416797172102245 8 17732 17655.0 23687.355407346517 0.9956575682382134
874 0.3416797172102245 8 17428 17735.14285714286 23794.881453254366 1.0176235286402833
875 0.3416797172102245 8 17467 17470.714285714286 23440.103002317774 1.0002126458873468
876 0.3416797172102245 8 17410 17459.14285714286 23424.577851304344 1.0028226799048168
877 0.3416797172102245 8 17171 17408.285714285714 23356.343854257648 1.013818980507001
878 0.3416797172102245 8 17970 17046.428571428572 22870.84746515858 0.9486048175530647
879 0.3416797172102245 8 17543 18040.714285714286 24204.860441127603 1.0283711044698334
880 0.3416797172102245 8 17906 17517.285714285714 23502.586943433565 0.9782913947439804
881 0.3416797172102245 8 17561 17930.85714285714 24057.467340765506 1.0210612802720314
882 0.3416797172102245 8 18438 17580.0 23586.729428555747 0.9534656687276277
883 0.3416797172102245 8 17574 18576.714285714286 24924.000769552284 1.057056690890764
884 0.3416797172102245 8 17963 17597.428571428572 23610.112989341415 0.9796486428452136
885 0.3416797172102245 8 17304 18076.14285714286 24252.394236823053 1.0446222178191666
886 0.3416797172102245 8 17810 17208.85714285714 23088.77458493972 0.966246891794337
887 0.3416797172102245 8 18179 17848.14285714286 23946.49126129912 0.9818000361484602
888 0.3416797172102245 8 18014 18218.0 24442.721088135873 1.0113245253691574
889 0.3416797172102245 8 17987 18078.714285714286 24255.844270381593 1.0050989206490402
890 0.3416797172102245 8 18013 17922.571428571428 24046.350565965764 0.994979816164516
891 0.3416797172102245 8 17991 18075.714285714286 24251.81923122996 1.0047087035581284
892 0.3416797172102245 8 17983 17995.0 24143.526511197993 1.0006672968915087
893 0.3416797172102245 8 17206 18080.0 24257.569287160863 1.0507962338719052
894 0.3416797172102245 8 18165 17119.714285714286 22969.173421576987 0.9424560575675357
895 0.3416797172102245 8 16883 18163.0 24368.92870368931 1.0758159094947581
896 0.3416797172102245 8 17803 16721.428571428572 22434.801557065257 0.9392477993275612
897 0.3416797172102245 8 18387 17776.714285714286 23850.656995784102 0.9668088478661166
898 0.3416797172102245 8 17903 18440.428571428572 24741.148990949634 1.030018911435434
899 0.3416797172102245 8 17969 17890.428571428572 24003.22514648401 0.9956273900288592
